4.255783e-02 -3.569958e-01 7.041287e-02
-9.995323e-01 3.357448e-01 -1.367179e-01
9.860089e-01 1.814873e-01 -3.362532e-02
-6.345750e-01 -1.932109e-01 1.424119e-01
4.159850e-01 5.405269e-02 -1.270685e-01
-2.630594e-01 -2.996486e-02 -1.151212e-01
-6.577578e-01 1.071089e-01 -1.392192e-01
7.261575e-01 -1.181411e-01 7.142966e-02
4.077896e-01 -3.032278e-01 -5.205977e-03
8.152131e-02 1.243538e-02 4.199352e-02
-3.224706e-01 -3.577278e-01 3.881096e-02
-5.480562e-01 -1.916552e-01 -1.666014e-01
-1.775777e-01 -1.034586e-01 1.809890e-01
1.643492e-01 -2.052802e-01 -1.790368e-01
6.696543e-01 1.896216e-01 -8.195346e-03
3.655419e-01 -4.527776e-02 1.633273e-01
-8.564187e-01 -5.531335e-03 5.886211e-02
-1.304494e-01 -2.814989e-01 -1.609786e-01
-4.649435e-01 4.280696e-02 7.500877e-02
6.759279e-01 -3.146971e-02 -1.813144e-01
1.707245e-01 -1.874863e-01 1.754577e-01
-3.987504e-01 -1.831243e-01 1.796774e-01
4.871503e-01 -1.663065e-01 -1.741358e-01
-8.850923e-01 1.361180e-01 -1.326914e-01
-2.753983e-02 -7.649327e-02 -1.382634e-01
-7.563257e-01 -1.142976e-01 -1.128843e-01
8.828350e-01 -1.812939e-02 -6.278693e-02
5.709848e-01 4.589802e-02 1.285226e-01
5.294183e-01 -1.845478e-01 1.274549e-01
-3.378953e-01 -2.188239e-01 -1.782335e-01
-6.732436e-01 1.012725e-01 7.071791e-02
2.108370e-01 -9.273131e-03 -1.222286e-01
-1.509682e-01 -3.088710e-01 1.527730e-01
-5.216297e-01 -3.110164e-01 1.148975e-03
-4.649944e-01 1.075767e-02 -1.290818e-01
8.295551e-01 1.091018e-01 8.552240e-02
-1.191528e-01 9.354560e-04 2.158650e-02
8.078059e-01 1.456657e-01 -1.462046e-01
2.052954e-01 -3.421404e-01 -3.778400e-02
3.055105e-01 5.969588e-02 2.345740e-02
-1.281668e-02 -1.910858e-01 1.836327e-01
5.945947e-01 -2.200542e-01 -3.709258e-02
3.366345e-01 -2.405324e-01 1.472824e-01
-1.472671e-01 -3.768639e-01 -9.995069e-03
3.603003e-02 -3.250685e-01 -1.025232e-01
-2.906959e-01 1.492652e-02 5.169372e-02
3.325368e-01 -2.424948e-01 -1.550507e-01
5.749706e-01 1.187003e-01 -1.318983e-01
-6.722878e-01 -2.343604e-01 -3.092066e-02
-6.058100e-01 -2.794145e-02 1.517563e-01
4.922647e-01 1.200527e-01 7.209057e-03
-8.103479e-01 1.643340e-01 6.822676e-03
2.081628e-01 -3.240516e-02 1.391684e-01
8.342018e-01 2.318693e-01 -1.589246e-02
-6.262678e-01 -4.094622e-02 -1.836835e-01
-7.682425e-01 -1.369619e-01 8.085532e-02
3.385257e-01 -7.882173e-02 -1.725090e-01
7.604336e-01 -1.108202e-01 -8.062146e-02
-7.853958e-01 2.158651e-02 -1.747866e-01
-8.779442e-01 2.774420e-01 -7.150083e-02
-2.579043e-01 -3.253939e-01 -9.719518e-02
-5.535468e-01 9.469388e-02 -3.309659e-02
-4.059544e-02 -4.776889e-02 1.366874e-01
-1.681724e-01 -1.315017e-01 -1.647000e-01
2.085390e-01 -3.130907e-01 1.105965e-01
-3.724866e-01 -4.300014e-02 1.573181e-01
5.331194e-01 -1.424526e-02 -1.775523e-01
-2.929735e-01 -2.885656e-01 1.601753e-01
-5.922824e-03 -2.106489e-01 -1.779895e-01
-5.046899e-01 -2.689314e-01 1.343081e-01
7.107225e-01 3.299492e-02 1.213440e-01
-4.052680e-01 -3.193745e-01 -6.770820e-02
-8.712741e-01 -1.354367e-02 -7.516129e-02
8.314260e-01 -2.335571e-02 6.498320e-02
-5.225245e-01 -1.308306e-01 1.729767e-01
-4.128838e-01 -1.027163e-01 -1.706584e-01
8.536479e-02 -7.524262e-02 1.628088e-01
-7.647549e-01 1.850155e-01 -1.197578e-01
-7.409925e-01 -1.227268e-02 1.194426e-01
9.398567e-01 6.394607e-02 2.036635e-02
4.944610e-01 -6.264456e-02 1.556506e-01
9.312038e-01 1.083799e-01 -1.319186e-01
7.800321e-02 -9.781536e-03 -8.524786e-02
7.940893e-01 1.564845e-02 -1.633985e-01
6.452004e-01 -1.433677e-01 -1.264178e-01
4.275866e-01 4.853151e-02 1.038552e-01
6.931117e-01 9.151132e-02 -1.646594e-01
6.239088e-01 -6.650837e-02 1.318881e-01
-3.871691e-01 3.549623e-02 -3.583176e-02
7.472914e-02 -2.757744e-01 1.613344e-01
-1.338963e-01 -2.846000e-02 -9.700199e-02
2.815142e-01 -1.290513e-01 1.727225e-01
1.875321e-01 3.062579e-02 -7.971651e-03
4.897329e-01 -2.459010e-01 -8.440393e-02
-2.856119e-01 -1.487770e-01 1.858798e-01
8.903541e-02 -1.031027e-01 -1.552235e-01
4.145310e-01 -1.553557e-01 1.595652e-01
4.377341e-01 -2.586923e-01 9.571066e-02
-8.916405e-01 8.707810e-02 -2.492158e-02
-3.317286e-02 -3.754607e-01 -1.461131e-02
-6.946166e-01 1.528341e-01 -2.885657e-02
-4.264580e-01 -3.259429e-01 7.291417e-02
-8.915184e-01 3.657504e-01 -1.536271e-01
2.286918e-01 -1.124572e-01 -1.693874e-01
6.562327e-01 1.252078e-01 8.551224e-02
3.082863e-01 4.042768e-02 -8.778985e-02
3.040971e-01 -3.203302e-01 5.093113e-02
9.107155e-01 2.236943e-01 -1.063361e-01
-3.821615e-02 -3.053122e-01 1.527629e-01
-1.898402e-01 -2.100692e-02 1.055430e-01
-6.582561e-01 -1.535356e-01 -1.497938e-01
-2.173749e-01 -3.554706e-01 7.819133e-02
1.480399e-01 -2.997097e-01 -1.247096e-01
6.314636e-01 -1.727123e-01 8.239068e-02
9.069228e-01 1.763830e-01 4.620304e-02
-1.397582e-02 1.169318e-03 -1.054414e-02
-4.593207e-01 -2.511273e-01 -1.429407e-01
-8.211361e-01 -1.036416e-01 -8.551223e-03
-9.144064e-01 2.583263e-01 -1.721938e-01
-5.710966e-01 6.124141e-02 8.946755e-02
-2.241163e-01 -2.295917e-01 -1.781013e-01
-6.067962e-01 -2.624849e-01 6.384439e-02
-3.032837e-01 -1.178767e-01 -1.669370e-01
-1.303579e-01 -1.995455e-01 1.844055e-01
6.896953e-01 -1.729259e-01 -2.525712e-02
7.118309e-01 1.831955e-01 -1.133113e-01
-5.267543e-01 -7.792695e-02 -1.785691e-01
5.162305e-01 -2.556826e-01 2.461654e-02
-4.848625e-01 -3.358464e-02 1.616090e-01
7.540582e-01 1.779692e-01 5.264950e-02
-7.762040e-01 8.387521e-02 7.778461e-02
-5.638063e-01 6.177015e-02 -1.316441e-01
3.111334e-01 -3.142498e-01 -5.283253e-02
1.056396e-01 -3.628932e-01 -1.973594e-02
4.441603e-01 -7.274131e-02 -1.804298e-01
-8.525296e-02 -3.624966e-01 7.253796e-02
-2.157176e-01 2.765687e-03 -1.632968e-02
-6.925016e-01 -1.080952e-01 1.421984e-01
-5.438161e-01 -2.644778e-01 -8.548173e-02
-9.351388e-01 3.618357e-01 -6.317331e-02
3.889383e-01 8.150608e-02 -2.708735e-02
-7.548412e-01 -1.749798e-01 -2.458604e-02
-3.992079e-01 -2.788654e-01 1.544711e-01
-2.754338e-01 -5.380863e-02 1.549185e-01
5.770855e-01 1.535153e-01 -2.447419e-02
7.978007e-01 -9.758155e-02 6.456631e-03
5.635622e-01 -1.096305e-01 -1.823617e-01
3.861218e-01 -1.696213e-01 -1.831040e-01
-6.888208e-01 -2.140449e-01 6.005175e-02
-9.100850e-01 1.898453e-01 -5.857740e-02
3.100454e-01 1.165245e-02 1.131690e-01
-7.197313e-01 -5.649297e-02 -1.770134e-01
-3.556994e-01 -2.409798e-02 -1.260212e-01
2.408018e-01 -2.557944e-01 -1.594229e-01
-1.165803e-01 -3.394053e-01 -8.883714e-02
-6.904681e-01 3.126637e-02 -1.803484e-01
7.724062e-02 -2.616613e-01 -1.688994e-01
6.153373e-01 4.448468e-02 -1.737495e-01
-2.161345e-01 -2.436031e-01 1.771862e-01
-7.933268e-01 1.125691e-01 -1.660117e-01
4.951931e-01 1.043941e-01 -9.234507e-02
-7.826760e-02 -1.580400e-01 -1.711160e-01
-8.925913e-02 -1.182224e-01 1.822498e-01
2.396935e-01 -2.416000e-01 1.594839e-01
-3.784247e-01 2.934464e-02 5.751994e-02
2.333792e-01 2.909043e-02 6.799290e-02
5.663787e-01 -1.838869e-01 -1.269160e-01
9.755258e-01 8.358034e-02 -5.967554e-02
-8.338968e-01 2.338317e-01 -1.446184e-01
-4.327977e-02 -2.887690e-01 -1.532204e-01
1.489957e-01 -3.494105e-01 5.803851e-02
-9.630193e-01 2.697753e-01 -9.286364e-02
5.709035e-01 1.187105e-01 7.033152e-02
-4.661027e-01 6.282761e-02 -1.208966e-02
-2.517629e-01 -3.703869e-01 -9.466336e-03
8.223562e-01 2.180308e-01 -1.018724e-01
-4.374800e-01 -1.036111e-01 1.773489e-01
3.879825e-01 -2.735883e-01 -9.713417e-02
7.529906e-01 -4.218670e-02 1.011098e-01
1.268397e-01 -1.830225e-02 1.138706e-01
6.938081e-02 -1.571554e-01 1.818228e-01
-6.144425e-01 -2.151939e-01 -1.101796e-01
3.899906e-02 -2.496225e-02 1.119895e-01
-6.046305e-01 -1.135045e-01 1.619953e-01
9.233237e-01 2.360382e-01 -2.128146e-02
-8.088837e-01 -4.410843e-02 -1.280955e-01
1.736020e-01 -9.822212e-02 1.773896e-01
7.442970e-01 2.115335e-01 -3.877029e-02
-4.654621e-01 -1.772065e-01 -1.797384e-01
-8.592353e-01 4.632507e-02 -1.310340e-01
8.155335e-01 -4.459649e-02 -1.109320e-01
-6.004820e-01 -2.745746e-01 -2.299984e-02
2.766946e-01 -1.846698e-01 -1.813246e-01
8.756463e-01 3.416424e-02 -1.260111e-01
-3.428166e-01 -2.871422e-01 -1.330066e-01
-8.049183e-01 -6.551192e-02 9.696131e-02
-6.600049e-01 2.811432e-02 1.274346e-01
1.603736e-01 -2.665927e-01 1.583552e-01
-6.240817e-01 1.212017e-01 -6.628469e-02
-3.513026e-03 -1.064581e-01 1.791486e-01
-8.216038e-01 2.128858e-01 -6.714896e-02
6.272846e-01 1.633274e-01 -8.944722e-02
-3.108894e-01 1.230320e-02 -4.509474e-02
-4.638099e-02 -2.277604e-03 6.278693e-02
-3.317132e-01 -3.440927e-01 -4.812478e-02
-8.502875e-01 7.258881e-02 4.306115e-02
7.877242e-01 3.454044e-02 1.004794e-01
-5.571971e-01 -2.128553e-01 1.554675e-01
7.332140e-01 1.124471e-01 1.015572e-01
5.012532e-01 7.712371e-02 9.383976e-02
7.098990e-01 -9.180617e-02 -1.421069e-01
2.276242e-01 -3.411643e-01 3.803820e-02
4.926511e-01 5.051425e-02 -1.500074e-01
-5.943812e-01 -1.178971e-01 -1.817008e-01
3.524050e-01 5.134814e-03 -1.423509e-01
-4.804853e-02 -2.216606e-02 -8.586811e-02
5.001652e-01 1.433678e-02 1.404597e-01
-1.115675e-01 -2.128145e-02 1.006624e-01
-4.781822e-01 -2.055039e-01 1.702924e-01
-3.377733e-01 -3.261056e-01 1.098237e-01
-6.212144e-01 1.138909e-01 1.533323e-02
-3.249211e-01 -2.144008e-01 1.792808e-01
-4.018312e-01 -3.473668e-01 3.518101e-03
6.389167e-01 8.419048e-03 1.344911e-01
8.776391e-01 4.160715e-02 5.850623e-02
2.496784e-01 -3.036447e-01 -9.652409e-02
6.416467e-02 -1.812635e-01 -1.760474e-01
-7.434023e-01 1.419951e-01 3.499799e-02
-7.089026e-01 -1.771862e-01 -8.500384e-02
4.225128e-01 8.976244e-02 4.055984e-02
2.901773e-01 -5.036171e-02 1.603075e-01
-1.446031e-01 -2.094897e-01 -1.787928e-01
1.536526e-01 8.459720e-03 -7.132798e-02
-5.351632e-01 -6.334605e-03 -1.577350e-01
-1.116082e-01 -8.448526e-02 -1.415680e-01
-1.890064e-01 -3.476921e-01 -7.185671e-02
5.725913e-01 -2.155193e-01 6.498320e-02
5.840404e-01 -1.296308e-01 1.308510e-01
4.432249e-01 -2.255449e-01 -1.389447e-01
1.290564e-01 -4.001076e-02 -1.291631e-01
-1.968663e-01 -3.014382e-01 -1.360570e-01
-5.381323e-01 1.302512e-02 1.343183e-01
-9.339898e-01 2.021485e-01 -1.287971e-01
6.007056e-01 -4.169864e-02 -1.840699e-01
9.782101e-01 1.583044e-01 -1.064887e-01
2.882047e-01 -3.193744e-02 -1.477094e-01
3.567263e-01 5.391034e-02 7.633060e-02
9.623278e-01 1.355893e-01 2.245077e-02
-8.660173e-01 -3.600460e-02 -6.243105e-03
-4.262241e-01 2.836860e-03 1.215067e-01
3.639964e-01 -2.914126e-01 7.937081e-02
-9.807471e-02 -2.639389e-01 1.723870e-01
8.244101e-01 1.917975e-01 4.542011e-02
-2.155346e-01 -7.659495e-02 -1.419849e-01
-9.438018e-01 3.257498e-01 -1.817720e-01
4.615474e-01 -2.050870e-01 1.368602e-01
4.378460e-01 -1.773284e-02 1.544101e-01
9.772898e-02 -3.258413e-01 1.160465e-01
-5.202570e-01 7.233462e-02 4.092589e-02
-4.589293e-02 -3.426285e-01 -8.274656e-02
-4.989857e-01 -3.044378e-01 7.349375e-02
-4.735761e-01 -3.081287e-01 -5.406285e-02
-7.227004e-01 1.329659e-01 -1.485025e-01
4.159188e-02 -5.710304e-02 -1.306985e-01
-3.417490e-01 -1.013132e-01 1.813957e-01
8.875428e-01 1.666828e-01 -1.398700e-01
-2.508986e-01 -1.650965e-01 -1.746137e-01
9.277569e-01 3.350331e-02 -7.684916e-02
1.591026e-01 -1.127521e-01 -1.635510e-01
-2.051328e-01 -1.754983e-01 1.864289e-01
-7.109666e-01 -1.716955e-01 1.105152e-01
2.439539e-01 3.137822e-02 -6.324448e-02
3.799244e-02 -3.718511e-01 -7.229393e-03
-2.198661e-01 -3.130907e-01 1.467028e-01
-2.815854e-01 -2.658607e-01 -1.649237e-01
8.270944e-01 8.061131e-02 -1.594534e-01
-6.186826e-01 2.584687e-02 -1.676792e-01
6.379101e-01 -1.960884e-01 1.779387e-02
-7.554818e-01 1.784877e-01 -4.835864e-02
8.970497e-01 3.640130e-03 9.862885e-04
-4.990773e-01 5.577107e-02 -8.966074e-02
-3.806718e-01 -1.650559e-01 -1.799316e-01
-8.197837e-01 -8.662053e-02 -7.510028e-02
-1.123048e-02 -1.433779e-01 -1.670793e-01
-8.675424e-01 3.021907e-01 -1.476484e-01
2.912856e-01 -2.852814e-01 1.230115e-01
-1.822601e-02 -3.446011e-01 1.009268e-01
7.430464e-01 -1.376635e-01 7.615774e-03
6.129275e-01 1.582637e-01 3.294407e-02
6.883633e-01 -7.933012e-02 1.118675e-01
8.465660e-01 -5.899427e-02 -2.354891e-02
-2.241366e-01 6.009257e-03 5.067693e-02
-2.003945e-01 -2.270496e-02 -9.044368e-02
3.604376e-01 -1.169108e-01 1.685231e-01
-8.021424e-01 1.431645e-02 9.263995e-02
7.438192e-01 -3.747896e-02 -1.615174e-01
5.085639e-01 -2.346045e-01 8.747464e-02
-3.458772e-01 -1.047283e-03 1.071292e-01
1.462503e-01 1.661439e-02 6.066183e-02
-1.460368e-01 -3.499799e-01 9.632073e-02
7.075705e-01 2.803297e-02 -1.759356e-01
5.615083e-01 -1.711260e-02 1.456352e-01
-1.348623e-01 -6.228869e-02 1.526002e-01
4.397372e-01 -9.090112e-03 -1.650457e-01
2.744830e-02 -3.155818e-01 1.379380e-01
-4.282882e-01 -4.263409e-02 -1.498752e-01
4.901905e-01 -1.276786e-01 1.524680e-01
4.254411e-01 -9.115542e-02 1.635409e-01
6.490236e-01 -9.350420e-02 -1.680148e-01
3.990655e-01 -2.211421e-01 1.441506e-01
9.055603e-01 1.126708e-01 5.737759e-02
1.322338e-02 -2.599836e-01 1.703941e-01
-8.153150e-02 -2.432065e-01 -1.769524e-01
2.901976e-01 -1.995048e-01 1.631443e-01
7.568239e-01 8.697642e-02 -1.654829e-01
-2.550878e-01 -1.572977e-02 1.079020e-01
5.324890e-01 -2.489209e-01 -3.670620e-02
-7.011749e-01 1.555591e-01 -9.195870e-02
6.916679e-01 -1.594737e-01 3.783484e-02
6.935490e-01 -1.468248e-01 -8.548173e-02
-4.621575e-01 -3.317590e-01 1.320813e-02
-8.935114e-01 9.146048e-02 -8.902017e-02
-7.439208e-01 6.881652e-02 -1.759661e-01
-6.892988e-01 -4.239006e-02 1.383041e-01
-6.570665e-01 -9.818145e-02 -1.789758e-01
-8.723214e-01 1.503633e-01 -2.822615e-02
-4.076880e-01 -2.807974e-01 -1.239877e-01
-7.487099e-01 -8.802370e-02 1.241097e-01
-4.149682e-01 -2.167394e-01 -1.760474e-01
1.454470e-01 -3.335282e-01 -7.299552e-02
1.132859e-01 -2.103947e-01 1.755594e-01
-1.194223e-02 -3.697158e-01 4.417962e-02
-2.087526e-01 -5.761144e-02 1.515936e-01
2.234452e-01 -1.497837e-01 1.751831e-01
6.509555e-01 1.320610e-01 -1.451471e-01
5.022191e-01 -1.043534e-01 -1.849545e-01
4.727017e-01 -2.784892e-01 -1.250655e-02
6.239393e-01 -1.842529e-01 -8.556307e-02
3.149362e-01 -2.849357e-01 -1.068445e-01
-2.465874e-01 -1.011810e-01 1.815788e-01
2.017823e-02 1.657382e-03 5.990940e-02
-4.426758e-01 4.231891e-02 -6.975195e-02
-7.127053e-01 5.294439e-02 1.083494e-01
-1.601804e-01 -7.412408e-03 -4.018363e-02
-5.644062e-01 -2.629832e-01 1.079325e-01
-5.346751e-01 -6.862330e-02 1.671912e-01
3.437114e-01 -3.207268e-01 -1.626868e-03
3.893958e-01 -4.549128e-02 -1.695298e-01
-9.523734e-01 3.708648e-01 -1.210593e-01
7.837283e-01 -7.798795e-02 6.271575e-02
-8.925555e-01 3.348500e-01 -1.012420e-01
4.356904e-01 -1.349893e-01 -1.848528e-01
-9.373301e-02 -1.079833e-02 -4.790108e-02
1.706685e-02 -2.886368e-01 -1.500785e-01
-8.795610e-01 2.884641e-02 1.380804e-02
-8.773443e-01 1.960986e-01 -1.619750e-01
-4.074948e-01 1.247605e-02 -1.081460e-01
4.456550e-01 9.986935e-02 -3.328978e-02
-2.641474e-01 -2.081577e-01 1.826972e-01
1.265652e-01 -1.348368e-01 1.798401e-01
-6.004413e-01 2.763642e-02 1.307493e-01
2.727189e-01 -3.367311e-01 -1.338099e-02
-7.868498e-01 -1.394836e-01 2.443352e-02
-2.715191e-01 -3.410626e-01 9.810012e-02
6.605590e-02 5.205988e-03 -2.896841e-02
-9.747480e-02 -3.254142e-01 1.328642e-01
6.951555e-01 1.715227e-01 4.909073e-02
2.296679e-01 -7.964532e-02 1.725903e-01
6.313111e-01 7.970636e-02 1.137791e-01
-3.393799e-01 2.856171e-02 1.322847e-02
-4.717561e-01 -9.866952e-02 -1.759457e-01
7.698490e-01 1.873237e-01 -1.220964e-01
2.082848e-01 -6.120071e-02 -1.497837e-01
2.934717e-01 -1.286954e-01 -1.776743e-01
-9.227900e-02 -3.788161e-01 9.720534e-03
8.777409e-01 2.384276e-01 -6.039746e-02
-5.504964e-01 -2.924701e-01 4.831797e-02
-7.122884e-01 -2.092660e-01 7.005699e-03
-5.144918e-01 -2.320116e-01 -1.414765e-01
9.557797e-01 1.933329e-01 1.464181e-02
-1.921585e-01 -3.732746e-01 2.893791e-02
5.138614e-01 -2.084221e-01 -1.249231e-01
-9.803149e-01 3.290747e-01 -7.891325e-02
8.069619e-01 -9.048434e-02 -5.281219e-02
3.603461e-01 6.110922e-02 -7.328022e-02
3.831629e-01 1.667541e-02 1.227777e-01
7.459239e-01 1.415172e-01 -1.479433e-01
4.532606e-01 -2.770556e-01 4.324418e-02
-8.311006e-01 -7.505961e-02 4.649791e-02
-4.535555e-01 -2.926938e-01 1.224218e-01
2.499936e-01 4.524727e-02 1.526205e-02
8.771410e-01 1.104135e-01 -1.514817e-01
-6.356478e-02 -2.179291e-01 1.818126e-01
3.431013e-01 -1.771964e-01 1.632867e-01
9.535427e-01 2.159769e-01 -6.894869e-02
-9.672593e-01 2.827903e-01 -1.519901e-01
-2.717428e-01 1.352335e-02 -3.375750e-03
5.486967e-01 5.580157e-02 -1.599516e-01
-4.844151e-01 -3.498781e-02 -1.575621e-01
-7.776987e-01 -1.370229e-01 -6.526790e-02
1.760322e-01 -2.587635e-01 -1.635409e-01
-6.453428e-01 -2.286257e-01 9.366691e-02
-6.758771e-01 1.316644e-01 2.042736e-02
1.852086e-02 -6.229886e-02 1.511767e-01
9.954447e-01 1.261433e-01 -2.564350e-02
-8.090464e-01 1.705161e-01 -1.519088e-01
1.294936e-01 -1.598296e-01 -1.737901e-01
-6.340361e-01 7.004683e-02 9.683930e-02
5.780972e-02 -3.520338e-01 -5.623878e-02
-6.520740e-01 -2.460739e-01 3.195778e-02
5.351734e-01 1.316136e-01 -5.484578e-02
-5.358343e-01 -1.332811e-01 -1.817618e-01
3.894060e-01 -2.292358e-01 -1.539220e-01
6.606354e-01 -1.277193e-01 1.076885e-01
1.343233e-01 1.833278e-02 -1.928855e-02
1.591787e-02 -7.930974e-03 -5.642181e-02
-6.057896e-01 -1.812534e-01 -1.531798e-01
-9.286314e-01 2.975744e-01 -5.939084e-02
-2.997046e-01 -6.258356e-02 -1.409376e-01
2.490989e-01 -2.847012e-03 1.165651e-01
6.856180e-01 1.909333e-01 -6.529840e-02
-8.753616e-01 2.294799e-01 -4.221722e-02
-3.756895e-01 -3.447943e-01 5.202926e-02
1.528290e-01 -3.107317e-01 1.263568e-01
5.372221e-02 -2.233588e-01 1.770032e-01
-7.698795e-01 -3.055461e-02 -1.668149e-01
8.681880e-02 -3.627101e-01 3.857710e-02
2.144669e-01 -1.830836e-01 -1.791791e-01
-8.036879e-01 1.182428e-01 4.514558e-02
1.927279e-01 5.185647e-03 9.552763e-02
5.741572e-01 -2.307915e-01 1.270990e-02
-5.846200e-01 -1.663269e-01 1.621987e-01
3.350381e-01 -1.948682e-01 -1.812636e-01
-8.866886e-01 3.802805e-02 -6.722014e-02
-3.589124e-01 -1.077800e-01 -1.672318e-01
8.617264e-01 1.541661e-01 6.646771e-02
5.828508e-01 -1.826362e-01 1.069259e-01
-1.728801e-01 3.497773e-03 2.880573e-02
-1.360722e-01 -3.705801e-01 4.717916e-02
-4.791380e-01 1.442830e-02 1.209983e-01
1.524832e-01 -5.503896e-02 1.524680e-01
7.709980e-01 2.120317e-01 8.317361e-03
-4.307183e-01 4.949746e-02 2.658912e-02
7.938555e-01 1.497328e-01 7.575103e-02
-1.576384e-01 -2.455858e-01 1.776031e-01
1.722802e-01 -3.552265e-01 9.751038e-03
6.922678e-01 -2.635525e-02 1.204594e-01
7.607894e-01 -7.774392e-02 -1.228387e-01
5.489916e-01 -9.147062e-02 1.445980e-01
3.712054e-01 -2.994352e-01 -5.330025e-02
-2.611479e-01 -3.641438e-01 4.286796e-02
-3.108080e-01 -3.178493e-01 -9.899489e-02
-6.460139e-01 -7.028067e-02 1.515326e-01
-9.279806e-01 2.396478e-01 -6.268525e-02
4.313284e-01 -2.836342e-01 -4.840948e-02
-2.496988e-01 -4.026490e-03 -5.630996e-02
5.503947e-01 1.408461e-01 1.927838e-02
-2.796433e-01 -2.091338e-01 -1.790063e-01
-5.652298e-01 -2.248230e-01 -1.263466e-01
3.210572e-01 5.861809e-02 -3.839408e-02
-7.279775e-01 1.044551e-01 7.935047e-02
-3.766758e-01 -2.302425e-01 1.732207e-01
-6.982364e-01 -1.199306e-01 -1.537593e-01
5.450566e-01 -2.220674e-01 -8.517669e-02
-5.656365e-01 9.425666e-02 1.775319e-02
-6.618454e-01 -2.023010e-01 -9.235525e-02
-6.095619e-01 9.961515e-02 -1.115421e-01
4.754673e-01 1.008963e-01 5.271051e-02
-4.362192e-01 -5.124632e-02 1.677911e-01
-3.487445e-01 -2.916974e-01 1.524680e-01
4.323655e-01 8.144507e-02 -8.594946e-02
3.586277e-01 7.385980e-02 2.830750e-02
-4.092598e-03 -3.570568e-01 -5.553720e-02
3.529794e-02 -1.033976e-01 -1.530781e-01
-7.707795e-02 -4.812476e-02 -1.197476e-01
3.035481e-01 4.265445e-02 7.245662e-02
-8.428242e-01 1.922449e-01 -2.235926e-02
2.565418e-01 -3.212352e-01 7.570019e-02
-8.389046e-02 -1.707601e-01 1.851274e-01
5.957742e-01 -1.395954e-01 -1.559149e-01
2.044108e-01 -2.961001e-01 -1.194528e-01
2.581076e-01 1.584164e-02 -1.100169e-01
-9.011373e-01 1.399615e-01 -7.448004e-02
8.290670e-01 -6.057030e-02 2.452503e-02
-6.000752e-01 9.062671e-02 5.564904e-02
-3.587193e-01 1.464182e-02 -7.283283e-02
1.069818e-01 -2.090525e-01 -1.784064e-01
-8.284874e-01 7.554768e-02 -1.646390e-01
-5.692461e-01 -3.927868e-02 -1.767083e-01
7.300416e-01 -1.444557e-01 -5.001601e-02
-8.014866e-02 -3.620187e-01 -5.042273e-02
8.193820e-02 -3.107419e-01 -1.189037e-01
8.753819e-01 2.222403e-01 1.220151e-02
-3.904992e-02 -1.421679e-01 1.840191e-01
-1.833734e-01 -2.592007e-01 -1.736986e-01
-1.894794e-02 -3.173103e-01 -1.169514e-01
-1.566928e-01 -1.490414e-01 1.856459e-01
-7.508554e-01 -1.717261e-01 3.838391e-02
-6.203806e-01 -2.471314e-01 -6.012293e-02
6.251595e-01 1.737495e-01 -2.506393e-02
6.463088e-01 -1.932719e-01 -3.973624e-02
5.263476e-01 9.284331e-02 -1.348368e-01
-5.139936e-01 4.131228e-02 9.729686e-02
-4.512372e-01 -2.575738e-01 1.578468e-01
4.317148e-01 -1.875575e-01 -1.735461e-01
-3.308795e-01 -1.631138e-01 -1.778166e-01
-8.458949e-01 -7.015755e-04 -1.213847e-01
6.138426e-01 9.181636e-02 -1.583756e-01
-5.999125e-01 -2.278123e-01 1.334845e-01
7.940283e-01 2.242637e-01 -4.426097e-02
2.879302e-01 -2.618443e-01 -1.444557e-01
-8.521584e-01 2.685552e-01 -1.140739e-01
9.484893e-01 4.910091e-02 -2.627391e-02
9.397551e-01 1.880252e-01 -1.251061e-01
-8.256862e-02 -3.092777e-01 -1.309018e-01
-4.594732e-01 -1.600939e-01 1.773489e-01
-6.495117e-01 1.338200e-01 -2.176952e-02
-3.237924e-01 -4.072251e-02 1.493160e-01
-3.062121e-01 -3.632795e-01 -1.043229e-02
5.007193e-02 -1.059497e-01 1.786199e-01
6.864009e-01 7.590356e-02 1.202865e-01
-5.621338e-02 -1.127216e-01 -1.553862e-01
8.321174e-01 9.761280e-04 -1.357214e-01
-3.128518e-01 -1.327930e-02 -1.048110e-01
3.891772e-02 8.551234e-03 1.522138e-02
-6.741994e-01 -3.130702e-02 -1.847918e-01
-6.567614e-01 -1.406325e-01 1.495295e-01
-3.883587e-01 -3.102335e-01 1.185885e-01
-4.773382e-01 -2.756117e-01 -1.046788e-01
-3.539200e-01 -3.558875e-01 -5.287320e-04
-2.579551e-01 -3.520135e-01 -5.420520e-02
-6.762178e-02 -1.281144e-03 -7.839469e-03
8.424988e-01 1.835005e-01 -1.318780e-01
5.343498e-01 -1.615378e-01 -1.631342e-01
-2.358907e-01 -1.201442e-01 -1.634189e-01
8.298093e-01 6.048898e-02 8.513602e-02
7.896460e-01 8.699676e-02 1.018419e-01
-3.422879e-01 -1.496006e-01 1.843749e-01
4.978571e-01 -4.721982e-02 -1.801349e-01
4.017194e-01 -2.927446e-01 4.938560e-02
7.459442e-01 6.496287e-02 1.136672e-01
-5.378323e-02 -8.787118e-02 1.703839e-01
-1.863120e-01 -1.749086e-01 -1.748781e-01
-6.547176e-01 5.969588e-02 -1.656151e-01
3.917447e-01 -1.158025e-01 -1.829718e-01
-7.379929e-01 2.328465e-03 -1.811111e-01
-1.390209e-01 -4.321355e-03 6.494252e-02
8.642684e-01 -2.354889e-02 2.305068e-02
4.660722e-01 7.856755e-02 -1.216490e-01
-5.278678e-02 -2.007758e-01 -1.777556e-01
-1.978627e-01 -3.726645e-01 -1.856663e-02
4.829670e-04 -2.468771e-02 -9.848650e-02
4.898854e-01 1.152636e-01 -4.253242e-02
2.698109e-01 -7.356490e-02 -1.619750e-01
-8.456509e-01 -6.997563e-02 -3.892281e-02
2.116911e-01 -2.779097e-01 1.472315e-01
-5.048883e-02 -2.624137e-01 1.716752e-01
6.617945e-01 1.375721e-02 -1.797079e-01
-8.649699e-01 9.286365e-02 -1.379889e-01
-5.054932e-01 7.550701e-02 -3.504883e-02
9.932688e-01 1.256959e-01 -7.291417e-02
-2.329420e-01 -2.789875e-01 -1.566979e-01
-1.426915e-01 -3.165376e-01 -1.207339e-01
1.933786e-01 3.095117e-02 3.877029e-02
-8.376894e-01 1.275973e-01 -1.610396e-01
-7.569459e-01 3.812972e-02 1.020351e-01
5.344413e-01 -1.393209e-01 1.414765e-01
3.507984e-01 -1.387311e-01 -1.825346e-01
-1.690875e-01 -7.262946e-02 -1.367484e-01
1.296766e-01 -2.658302e-01 -1.623817e-01
-4.205402e-01 2.911077e-02 8.101801e-02
-8.017459e-01 -1.088273e-01 6.012293e-02
7.816590e-02 -4.321355e-03 8.548173e-02
9.123525e-01 6.643722e-02 -1.240792e-01
-8.032914e-01 2.126316e-01 -1.166566e-01
3.913583e-01 -2.661962e-01 1.073326e-01
1.882438e-01 -2.297951e-01 1.674454e-01
-5.430739e-01 -2.886266e-01 -4.578616e-02
-3.914498e-01 -1.027265e-01 1.798502e-01
4.379832e-02 -2.310457e-01 -1.771964e-01
5.698867e-01 8.443444e-02 1.011200e-01
2.863033e-01 -2.442030e-01 1.526815e-01
7.280792e-01 1.972577e-01 1.987829e-02
-4.421776e-01 -1.370026e-01 -1.796875e-01
5.708018e-01 1.857680e-02 -1.753153e-01
3.136957e-01 -9.647325e-02 1.715329e-01
-7.067774e-01 -2.069274e-01 -4.321368e-02
-9.562983e-01 2.420271e-01 -1.294682e-01
-5.364546e-01 -1.742782e-01 1.684215e-01
3.603359e-01 4.253243e-02 -1.174192e-01
-5.796072e-01 -6.472899e-02 1.622394e-01
6.705491e-01 1.656558e-01 -1.218219e-01
-3.557400e-01 -3.114740e-01 -9.700199e-02
-2.796128e-01 -3.002283e-01 -1.279735e-01
7.933065e-01 -9.507002e-03 9.186718e-02
-1.200069e-01 -1.412833e-01 -1.668556e-01
-5.136784e-01 3.699092e-02 -1.279531e-01
-8.402619e-01 -4.288829e-02 -9.576149e-02
5.860231e-01 1.484212e-01 -7.925896e-02
-2.488853e-01 -2.821192e-01 1.656050e-01
-3.488360e-01 -6.767768e-02 -1.497735e-01
-2.518087e-02 -2.537913e-01 -1.747459e-01
9.734922e-01 8.990479e-02 -1.087968e-02
-1.859866e-01 -2.843663e-01 1.664184e-01
-7.532957e-01 -8.289907e-02 -1.447607e-01
8.787627e-02 -4.048865e-02 1.345928e-01
4.002654e-01 7.178566e-03 -1.514004e-01
-3.849118e-01 3.871946e-02 1.417408e-02
7.750143e-01 2.133332e-01 -8.334647e-02
2.709192e-01 4.765707e-02 -2.429117e-02
-5.606542e-01 -1.942072e-02 1.554777e-01
1.935922e-01 -3.389985e-01 6.703712e-02
1.171396e-01 -2.539439e-01 1.660625e-01
-3.704530e-01 -2.477414e-01 -1.679741e-01
-6.691003e-02 -2.175934e-02 1.020961e-01
1.919856e-01 2.257280e-02 -5.156154e-02
-7.463408e-01 1.619547e-01 -4.677245e-03
2.067088e-01 -2.292256e-01 -1.764541e-01
-8.165097e-01 6.202434e-02 7.000615e-02
9.647986e-01 1.068547e-01 -1.028892e-01
1.932871e-01 -3.205539e-01 -8.409889e-02
4.581005e-01 2.671115e-02 1.276074e-01
-2.660183e-01 -3.180831e-01 1.355689e-01
-8.571000e-01 1.222388e-01 2.409798e-03
7.454359e-01 5.226319e-03 -1.738206e-01
-9.093428e-01 3.763454e-01 -1.124674e-01
-4.932816e-01 -8.306175e-02 1.723768e-01
-1.398140e-01 -3.612561e-01 -5.053458e-02
-8.780459e-01 -2.552137e-03 -3.226282e-02
3.095370e-01 1.707196e-02 -1.251163e-01
-6.728979e-01 -1.933329e-01 1.207034e-01
-5.581936e-01 8.816607e-02 -7.633060e-02
1.128690e-01 -2.976558e-01 1.461741e-01
6.151848e-01 1.313086e-01 7.114496e-02
-2.671469e-01 -8.972174e-02 -1.522240e-01
2.373346e-01 -1.910756e-01 1.701195e-01
-5.627590e-01 -2.932327e-01 6.222769e-03
-6.980839e-01 -8.642635e-04 1.278311e-01
-4.778466e-01 6.033646e-02 3.714342e-02
-7.251204e-01 -1.444150e-01 -1.087561e-01
-5.766687e-01 2.012233e-02 -1.577757e-01
-2.973965e-01 -6.904013e-03 1.035603e-01
-6.912815e-01 8.301094e-02 -1.633375e-01
-2.406392e-01 -1.506073e-01 1.864899e-01
7.352070e-01 -8.276689e-02 9.477521e-02
2.621798e-02 -1.544507e-01 1.832260e-01
8.693829e-01 9.357541e-02 7.142966e-02
-8.274706e-01 3.129687e-02 -1.562403e-01
5.299267e-01 1.162702e-01 5.680819e-02
-1.308052e-01 -1.064988e-01 1.808772e-01
-9.364911e-01 3.662079e-01 -1.686248e-01
8.512839e-01 -3.586225e-02 -8.845076e-02
5.254427e-01 5.163272e-02 1.188223e-01
-4.393916e-01 -2.939546e-01 -9.572083e-02
-5.060626e-01 -1.992913e-01 -1.722446e-01
-4.234686e-01 -2.273954e-01 1.709330e-01
-9.349915e-02 -7.181604e-02 1.596059e-01
-7.302246e-01 -1.353350e-01 1.228794e-01
8.513144e-01 1.444354e-01 -1.474044e-01
6.146052e-01 4.511509e-02 1.328948e-01
8.678983e-01 2.226877e-01 -1.047093e-01
4.535250e-01 2.921245e-02 -1.517766e-01
-6.447734e-01 -1.336064e-02 1.417815e-01
-4.394525e-01 -3.269801e-01 -3.651301e-02
5.150917e-01 -2.415898e-02 1.515122e-01
-7.195077e-01 -1.865814e-01 7.143983e-02
-5.927950e-01 1.103830e-01 -2.764658e-02
4.344194e-01 -2.650269e-01 -8.657987e-02
1.509276e-01 -7.179569e-02 -1.471603e-01
6.222006e-01 -1.447505e-01 1.142265e-01
1.618479e-01 -3.515763e-01 -3.119519e-02
4.860013e-01 -7.646270e-03 -1.705974e-01
1.329303e-01 -8.744412e-02 1.722853e-01
-6.170557e-01 -2.668876e-01 1.523155e-02
-1.066971e-01 -1.906485e-01 -1.770235e-01
1.682842e-01 -1.420255e-01 1.785081e-01
-3.041073e-01 -8.265503e-02 1.769219e-01
-6.208027e-02 -3.448756e-01 1.031434e-01
6.491253e-01 -3.224247e-02 1.293563e-01
-8.854737e-02 -3.609600e-03 6.217685e-02
1.138960e-01 -3.447129e-01 8.095700e-02
3.578956e-01 -3.101420e-01 3.665536e-02
7.443072e-01 1.466418e-01 7.952333e-02
-8.643629e-05 -1.795653e-02 9.793743e-02
-3.243415e-01 -2.555504e-01 1.703229e-01
-9.192057e-01 1.719498e-01 -1.034484e-01
7.361322e-01 3.965591e-04 1.133825e-01
-6.040204e-01 6.866399e-02 -1.419442e-01
9.807469e-02 -3.431775e-01 -6.464765e-02
-2.167445e-01 -3.234925e-01 -1.056956e-01
-7.873073e-01 -1.434999e-01 -1.743799e-02
2.650268e-02 -1.629613e-01 -1.721938e-01
-8.349644e-01 -4.490153e-02 7.606623e-02
5.884126e-01 -2.055852e-01 -7.882174e-02
5.323467e-01 -7.076873e-02 -1.839987e-01
-6.868788e-01 1.363722e-01 -1.269567e-01
3.134821e-01 -1.955290e-02 1.409172e-01
3.306253e-01 -2.846713e-01 1.089493e-01
2.495971e-01 -4.479986e-02 1.525900e-01
4.731287e-01 -1.997997e-01 -1.523460e-01
6.741180e-01 5.297489e-02 -1.732411e-01
-7.849280e-01 1.964545e-01 -8.302109e-02
8.916912e-01 1.124574e-02 -9.530394e-02
6.259526e-01 -7.076862e-03 -1.822804e-01
3.597055e-01 -2.619562e-01 -1.252180e-01
2.385140e-01 -3.243567e-01 -6.232937e-02
9.088343e-01 3.789586e-02 3.151039e-02
6.102737e-01 -8.715943e-02 -1.811517e-01
-7.940080e-01 1.884828e-01 -3.703158e-02
-1.859256e-01 -3.434419e-01 1.047906e-01
2.724851e-01 -2.252500e-01 -1.755085e-01
-1.572215e-01 -3.809920e-02 1.278413e-01
-5.003177e-01 -1.552947e-01 -1.806942e-01
4.536368e-01 1.058786e-01 8.439376e-03
8.274097e-01 3.863812e-02 -1.560471e-01
-8.811166e-01 7.471391e-02 1.288276e-02
8.280604e-01 1.960376e-02 8.137389e-02
1.175158e-01 -7.717444e-03 -9.635124e-02
6.764363e-01 -1.152432e-01 -1.376737e-01
-5.974164e-02 -3.740067e-01 3.434725e-02
-3.759844e-01 -3.422014e-01 -3.235433e-02
7.809524e-01 -2.524694e-02 -1.491228e-01
7.254457e-01 -1.214558e-01 -9.918808e-02
9.596028e-01 2.174105e-01 -2.486057e-02
2.478787e-01 -3.044275e-02 -1.411206e-01
3.914091e-01 -1.700076e-02 1.491126e-01
8.888289e-02 -6.570510e-02 -1.387616e-01
6.017631e-01 -2.115944e-02 1.400123e-01
-6.603405e-01 1.385278e-01 -7.358526e-02
1.339776e-01 2.169836e-02 2.212540e-02
7.645312e-01 -1.271702e-01 -2.538930e-02
5.363325e-01 1.215270e-01 -9.425665e-02
-7.890664e-01 -2.216606e-02 1.050245e-01
4.716137e-01 -1.672216e-01 1.477806e-01
-4.290406e-01 5.064643e-02 -2.347773e-02
6.755059e-02 -3.101521e-01 1.399513e-01
2.680620e-01 4.362040e-02 5.299522e-02
7.624468e-01 4.182068e-02 -1.713498e-01
9.176906e-01 2.404917e-01 -6.625418e-02
-8.239578e-02 -2.818548e-01 -1.607345e-01
-3.401679e-02 3.538445e-03 2.446402e-02
-3.022059e-01 -3.494308e-01 7.275149e-02
6.123479e-01 -1.667946e-01 -1.200527e-01
-3.871183e-01 -5.509997e-02 -1.496006e-01
1.793571e-01 -3.757046e-02 -1.346945e-01
5.831811e-02 -1.341759e-01 -1.648119e-01
-1.703686e-01 -1.985185e-01 1.849952e-01
2.347519e-01 -3.452213e-01 -3.975658e-03
4.072101e-01 -5.554735e-02 1.642730e-01
-8.573542e-01 3.484548e-02 5.419503e-02
-8.495351e-01 2.404002e-01 -7.448004e-02
-3.887248e-01 1.237437e-02 9.827298e-02
-7.805863e-01 -9.974731e-02 1.032248e-01
9.212392e-01 2.153159e-01 1.264890e-02
-7.368033e-01 1.732818e-01 -9.111475e-02
-8.340240e-02 -2.985810e-01 1.586501e-01
-6.358867e-01 -1.315424e-01 -1.745629e-01
-8.523821e-01 -4.588783e-02 2.985302e-02
-9.031708e-01 3.319827e-01 -1.710448e-01
-9.207564e-02 -4.340685e-02 1.319390e-01
-2.758913e-01 -2.539439e-01 1.726818e-01
5.457632e-02 -3.385105e-01 1.033773e-01
4.492036e-01 8.028593e-02 7.404282e-02
4.035598e-01 6.555261e-02 7.740840e-02
8.729212e-01 -2.993435e-02 -1.832260e-02
9.458558e-01 1.450963e-01 -1.331693e-01
7.595286e-01 -1.156601e-01 3.604529e-02
6.195366e-01 -1.054617e-01 1.269974e-01
-6.478747e-01 -1.830328e-01 -1.256959e-01
2.049192e-01 1.225236e-02 -8.970141e-02
4.234431e-02 -2.029517e-02 -9.841533e-02
3.387698e-01 -4.131226e-02 -1.603278e-01
2.769233e-02 -1.941565e-01 1.818838e-01
-9.797252e-01 3.036244e-01 -1.089900e-01
4.978978e-01 -2.105268e-01 1.228183e-01
4.689802e-01 -2.381124e-01 1.078410e-01
-3.292323e-01 1.986814e-02 5.723524e-02
1.818889e-01 -1.614768e-01 -1.759051e-01
9.871579e-01 1.572063e-01 -2.847019e-03
-6.843673e-01 -1.624224e-01 -1.219846e-01
-7.662496e-01 1.388633e-01 -1.556607e-01
-3.336147e-01 -2.601463e-01 -1.635714e-01
7.626450e-02 -3.171374e-02 -1.175209e-01
2.523729e-01 -3.040514e-01 1.105050e-01
-2.000081e-01 -1.350300e-01 1.856663e-01
2.446351e-01 -1.471603e-01 -1.771557e-01
-7.627620e-01 1.177751e-01 6.404774e-02
4.562601e-01 -5.633028e-02 1.599719e-01
1.337539e-01 -3.599750e-01 1.281158e-02
-7.611758e-01 -4.590817e-02 1.182326e-01
-6.570766e-01 1.125590e-02 -1.800536e-01
5.806240e-01 -6.920288e-02 1.402767e-01
-5.285439e-01 -2.388547e-01 1.514512e-01
6.661159e-01 -1.616395e-01 6.705745e-02
-5.046188e-01 -2.840511e-01 -7.830318e-02
-3.483378e-01 2.722971e-02 -2.453520e-02
2.722715e-01 -8.226865e-02 1.732004e-01
8.395908e-01 2.331607e-01 -5.576089e-02
-1.287005e-01 -2.461247e-01 -1.767795e-01
7.071231e-01 1.366467e-01 8.404805e-02
-7.824878e-01 1.477094e-01 3.156123e-02
-2.324133e-01 -3.335485e-01 1.162905e-01
-5.763230e-01 -1.658592e-01 -1.730479e-01
3.256328e-01 -1.338200e-01 1.696823e-01
-6.062268e-01 -2.468670e-01 1.004692e-01
-9.730346e-01 3.487394e-01 -1.616090e-01
-4.161375e-01 -1.486957e-01 1.805518e-01
-4.646588e-01 -2.226470e-01 -1.684113e-01
6.481288e-01 1.725903e-01 2.638576e-02
5.429112e-01 -2.379192e-01 4.605052e-02
-7.967026e-01 -7.694067e-02 -1.120200e-01
6.140154e-01 1.333523e-01 -1.343996e-01
6.589068e-01 -1.722853e-01 -7.487659e-02
-6.752366e-01 6.119057e-02 1.111151e-01
-4.072101e-01 -2.514019e-01 -1.577452e-01
-2.256008e-01 -3.782466e-02 -1.168498e-01
-4.186388e-01 -1.788843e-01 -1.803891e-01
-2.896790e-01 -3.812960e-03 -7.589338e-02
-8.122798e-01 -1.111557e-01 -4.674194e-02
-1.719955e-01 -6.889784e-02 1.588941e-01
6.508640e-01 8.231952e-02 -1.655948e-01
-8.713554e-01 2.657794e-01 -1.584569e-01
3.981199e-01 6.652873e-02 -9.376859e-02
6.888615e-01 1.334235e-01 -1.492244e-01
-3.608748e-01 -1.872321e-01 1.811517e-01
9.150368e-01 7.734740e-02 4.661993e-02
4.300879e-01 -2.365567e-01 1.283090e-01
3.068120e-01 -3.296135e-01 2.013249e-03
6.627401e-01 1.537898e-01 6.124140e-02
-9.056519e-01 1.771964e-01 -1.385685e-01
8.609536e-01 6.080419e-02 -1.487872e-01
-5.003788e-01 9.761280e-04 -1.443438e-01
-8.402212e-01 1.957224e-01 -1.540237e-01
9.232932e-01 2.218642e-02 -3.527253e-02
-7.170267e-01 -6.997563e-02 1.345826e-01
6.364052e-01 -5.976705e-02 -1.825752e-01
2.577213e-01 -2.793840e-01 1.393615e-01
-7.919440e-01 7.378863e-02 -1.741257e-01
6.884446e-01 1.085833e-01 1.014454e-01
6.509860e-01 1.808365e-01 -5.413402e-02
-5.639283e-01 -8.303124e-02 -1.825142e-01
6.789783e-01 -7.071790e-02 -1.705364e-01
-1.493312e-01 -1.676690e-01 -1.733021e-01
8.620721e-01 1.927228e-01 4.365089e-02
5.372069e-01 -5.459156e-02 1.492448e-01
-1.469824e-01 -5.897298e-04 -3.762131e-03
-2.919465e-01 -1.735766e-01 -1.773794e-01
2.655811e-01 2.101710e-02 9.265012e-02
8.336223e-01 -6.229886e-02 -6.839962e-02
1.997987e-03 -3.754200e-01 2.979201e-03
5.697951e-01 -6.789122e-02 -1.844563e-01
-6.352461e-01 -2.589973e-01 -1.665506e-02
6.577985e-01 5.330027e-02 1.291021e-01
-4.389136e-01 -7.612723e-02 -1.661134e-01
4.863165e-01 -2.627696e-01 -5.110398e-02
-1.849393e-01 -1.718366e-03 6.387489e-02
-1.888234e-01 -4.447449e-02 -1.190664e-01
-4.630523e-01 -3.141380e-01 7.737790e-02
-5.376848e-01 -2.865219e-01 8.296009e-02
1.760423e-01 -4.819590e-03 -1.093458e-01
-5.683717e-01 -1.205915e-01 1.675979e-01
9.422105e-02 -1.161685e-01 1.797180e-01
-4.164629e-01 -2.336588e-02 1.462249e-01
8.590726e-01 -6.009229e-03 -1.093458e-01
9.595976e-02 1.545526e-02 7.788629e-03
-2.939496e-01 -3.527863e-01 -4.399660e-02
9.303567e-04 -3.349721e-01 -9.095208e-02
3.325368e-01 -6.175995e-02 1.680148e-01
4.410692e-01 -1.293360e-01 1.594635e-01
7.941097e-01 -8.329562e-02 -8.691541e-02
-7.362847e-01 1.629206e-01 -1.312679e-01
4.867741e-01 -2.619460e-01 4.843998e-02
2.637915e-01 -3.345653e-01 3.290340e-02
-4.480496e-02 -3.607986e-01 7.440886e-02
7.915575e-01 9.912709e-02 -1.606939e-01
-3.798380e-01 -1.414155e-01 1.826464e-01
4.292948e-01 -1.914721e-01 1.490109e-01
-8.952704e-01 3.101115e-01 -7.352425e-02
-1.763779e-01 -3.604427e-01 7.332089e-02
-3.113266e-01 -1.221574e-01 1.844461e-01
-8.041149e-01 -4.880593e-03 -1.570029e-01
-2.312033e-01 -3.715461e-01 2.252195e-02
9.402838e-01 6.763704e-02 -9.995068e-02
-3.692227e-01 -3.329385e-01 8.638668e-02
-6.053524e-01 -8.272621e-02 -1.835615e-01
-5.299014e-02 -1.079833e-02 -5.115482e-02
-2.886166e-02 -2.333945e-01 1.784165e-01
9.398567e-01 1.619750e-01 3.486581e-02
3.081745e-01 -1.656761e-01 -1.821685e-01
-4.783042e-01 -1.285225e-01 1.764541e-01
-4.896211e-01 -3.216317e-01 -1.342166e-02
3.255515e-01 -3.034616e-01 7.780495e-02
-1.048669e-01 -2.257381e-01 1.809687e-01
-4.986299e-01 -3.166698e-01 2.918194e-02
-4.007128e-01 -6.175995e-02 1.713295e-01
-7.086280e-01 1.479128e-01 4.565398e-03
1.617666e-01 -2.238975e-02 1.238961e-01
-6.911595e-01 -8.534954e-02 -1.765253e-01
3.541132e-01 -2.856169e-01 -9.090123e-02
-7.358170e-01 -1.755492e-01 -6.045847e-02
2.291901e-01 3.626899e-02 -3.026991e-02
4.892754e-01 4.941611e-02 1.148060e-01
7.136712e-01 -1.582739e-01 -2.033585e-03
7.882326e-01 1.932414e-01 4.123093e-02
-4.893465e-01 -2.383768e-01 1.592297e-01
-8.416956e-01 -7.318869e-02 8.246186e-03
1.950157e-01 -5.984839e-02 1.591178e-01
-4.998399e-01 -1.763423e-01 1.723361e-01
-9.865987e-01 3.519627e-01 -1.064277e-01
1.222438e-01 -1.709024e-01 1.788944e-01
2.810465e-01 -3.074882e-01 -7.862855e-02
-2.092406e-01 -9.384986e-03 -5.787582e-02
-9.012796e-01 2.231452e-01 -1.645780e-01
6.004151e-03 -5.252749e-02 -1.259196e-01
-4.298134e-01 -3.377682e-01 2.829733e-02
3.674738e-01 -2.027280e-01 1.555997e-01
3.281341e-01 5.928917e-02 5.188691e-02
4.737388e-01 -1.391988e-02 1.532814e-01
1.708872e-01 -3.306608e-01 9.382960e-02
2.082746e-01 -2.690534e-01 -1.510242e-01
5.060016e-01 -2.647219e-01 -1.101186e-02
3.561061e-01 -2.651083e-01 1.253298e-01
1.047804e-02 -2.584279e-01 -1.727428e-01
6.953588e-01 -1.290208e-01 8.648835e-02
4.793820e-01 -1.321118e-01 -1.847308e-01
-1.089646e-01 -3.314735e-03 -1.621784e-02
-3.643014e-01 -3.298474e-01 -6.401724e-02
-8.883663e-01 4.446434e-02 -3.194761e-02
-1.370992e-01 -5.943150e-02 -1.272516e-01
-5.134751e-01 7.898444e-02 -2.440302e-04
9.042283e-01 1.352944e-01 -1.443540e-01
-5.587731e-01 3.574026e-02 1.158432e-01
2.618799e-01 -2.802686e-01 -1.281972e-01
5.274457e-01 1.328439e-01 -1.993930e-02
-5.875280e-01 -2.654133e-01 -5.505930e-02
1.143434e-01 -3.175951e-01 -1.054007e-01
-7.046421e-01 -1.256754e-02 -1.839987e-01
8.783713e-01 2.378989e-01 -1.976644e-02
2.153057e-02 3.101224e-03 -1.548575e-02
6.243969e-01 -1.186902e-01 -1.601855e-01
-5.498152e-01 7.220243e-02 6.299028e-02
-3.024906e-01 -1.801451e-01 1.843241e-01
4.719492e-01 -2.301204e-01 -1.183546e-01
-5.932932e-01 1.038348e-01 -8.015374e-02
-5.088283e-01 -1.057463e-02 1.488584e-01
5.490627e-01 2.039686e-02 1.401546e-01
-2.909704e-01 -2.997503e-02 1.336675e-01
8.172316e-01 2.183765e-01 1.222184e-02
-6.106347e-02 -3.241432e-01 1.331896e-01
-6.324397e-01 1.037637e-01 4.941611e-02
-6.890649e-01 -1.487872e-01 1.374500e-01
-8.830486e-01 5.020921e-02 -1.002761e-01
9.540715e-01 5.546603e-02 -6.083469e-02
8.853058e-01 9.629037e-03 3.380834e-02
9.861818e-01 1.667438e-01 -7.308703e-02
-7.211854e-01 -9.383975e-02 -1.597584e-01
4.977706e-02 -7.482573e-02 1.615480e-01
-3.082559e-01 -2.388445e-01 -1.755797e-01
-6.780022e-01 -2.330386e-01 1.203882e-02
7.286486e-01 5.589308e-02 -1.717565e-01
-2.297697e-01 8.734253e-03 1.610599e-02
2.053565e-01 -1.131893e-01 1.775624e-01
-1.135401e-01 -3.721765e-01 -2.997504e-02
6.505183e-01 -8.710859e-02 1.219337e-01
7.199042e-01 -1.393107e-01 4.302048e-02
5.640096e-01 -2.382751e-01 -2.002064e-02
-9.476962e-01 2.376345e-01 -9.159265e-02
-4.673940e-01 5.786566e-02 -5.042273e-02
8.299821e-01 1.177852e-01 -1.551422e-01
-1.779844e-01 -2.200135e-01 -1.789351e-01
1.063310e-01 -1.346131e-01 -1.667844e-01
-9.100800e-02 -1.097424e-01 -1.542372e-01
7.124511e-01 1.568402e-01 -1.385278e-01
-3.656741e-01 -1.977356e-01 -1.797282e-01
5.796377e-01 8.899984e-02 -1.520511e-01
3.584955e-01 -1.007640e-02 1.400936e-01
9.351591e-01 1.199103e-01 4.052934e-02
8.550562e-01 9.181645e-03 6.202433e-02
4.062034e-01 8.956925e-02 9.852717e-03
-2.383107e-01 -1.853611e-02 -9.088089e-02
-2.581687e-01 7.209067e-03 6.116006e-02
-1.862408e-01 -3.246109e-01 1.339522e-01
-8.716808e-01 1.597788e-01 -1.542576e-01
5.374713e-01 9.010814e-02 9.008780e-02
-4.321877e-02 -4.079371e-02 -1.147348e-01
4.177237e-01 8.550207e-02 -5.478477e-02
-7.391216e-01 7.098228e-02 9.505991e-02
-3.147836e-01 -3.144328e-01 1.329456e-01
-5.282999e-01 -3.864827e-02 -1.681266e-01
4.102401e-01 -7.965550e-02 -1.796062e-01
9.640715e-02 -2.901925e-01 -1.426255e-01
7.146677e-01 -2.607054e-02 -1.761593e-01
2.440657e-01 -2.060224e-01 -1.796164e-01
7.134322e-02 -3.659842e-01 -2.211523e-02
-5.071912e-01 -2.596888e-01 -1.114506e-01
-8.838468e-02 -2.166783e-02 -8.011307e-02
-1.755950e-01 -3.311184e-01 -9.886272e-02
-4.663772e-01 -9.527334e-03 1.421374e-01
-8.341916e-01 1.146535e-01 2.691449e-02
7.170775e-01 -4.817561e-02 1.109422e-01
-4.680549e-01 4.161732e-02 -9.394144e-02
2.826530e-01 -1.043228e-02 1.288174e-01
-7.887004e-01 5.076845e-02 8.671205e-02
-4.321215e-01 -1.907299e-01 1.769930e-01
-7.676934e-01 -1.625241e-01 7.676782e-03
6.943115e-01 1.977254e-01 -3.064612e-02
3.744337e-02 -3.674179e-01 3.816021e-02
-4.287051e-01 -1.233368e-02 -1.338810e-01
2.149143e-01 3.718411e-02 1.288276e-02
1.558692e-01 -2.195356e-01 1.717261e-01
6.029324e-01 -1.999420e-01 6.214635e-02
-9.594097e-01 3.679568e-01 -8.770850e-02
4.160765e-01 -2.546251e-01 -1.135045e-01
-3.988215e-01 -3.029838e-01 -9.697148e-02
-8.404551e-01 1.552032e-01 -6.466799e-03
5.416960e-02 3.772307e-03 6.157694e-02
6.132834e-01 1.649034e-01 -5.841472e-02
9.002018e-01 1.953868e-01 -1.266110e-01
1.485686e-01 -2.402985e-01 -1.746544e-01
-6.546261e-01 -2.290528e-01 -5.946201e-02
5.193724e-01 1.560777e-02 -1.689197e-01
-8.942231e-01 1.154568e-01 -4.338653e-02
-7.112005e-01 1.322440e-01 3.941087e-02
5.541430e-04 -3.766197e-02 1.255535e-01
-4.962302e-01 -2.908941e-01 1.044652e-01
-7.196297e-01 -1.971458e-01 3.921768e-02
-3.770215e-01 -7.117534e-03 1.234284e-01
8.098293e-01 -5.676751e-02 5.851640e-02
7.823556e-01 -4.951778e-02 8.587827e-02
5.945235e-01 6.778955e-02 1.173683e-01
1.771710e-01 -2.928667e-01 1.417103e-01
-2.418186e-01 -5.105313e-02 1.483602e-01
4.379832e-02 -2.892164e-01 1.582739e-01
1.196205e-01 -4.762654e-02 1.439371e-01
-5.094638e-02 -1.785385e-01 1.848325e-01
-6.039696e-01 -4.026490e-03 -1.735969e-01
9.433646e-01 2.119910e-01 -1.008760e-01
4.394424e-01 -2.917279e-01 -6.883684e-03
-1.588281e-01 -2.934971e-01 -1.473027e-01
-3.389478e-02 -1.794638e-02 9.654443e-02
6.818151e-01 5.094142e-03 1.265398e-01
8.232611e-01 1.634290e-01 6.665073e-02
2.863846e-01 -1.621784e-01 1.690214e-01
8.172722e-01 -8.549189e-02 -1.820058e-02
7.181248e-01 1.187817e-01 -1.569419e-01
-4.438307e-03 -3.098166e-01 1.468960e-01
-5.914223e-01 -2.360382e-01 -9.742904e-02
-6.666599e-02 -3.771791e-01 -1.319796e-02
7.429345e-01 2.044261e-01 -7.971652e-02
-9.223069e-01 3.002283e-01 -1.789453e-01
7.659344e-01 1.179683e-01 9.754088e-02
-8.813200e-01 1.927228e-01 -4.180033e-02
5.138614e-01 -1.355587e-01 -1.823312e-01
-8.695354e-01 1.006626e-02 -9.873053e-02
-9.118848e-01 2.678231e-01 -5.479494e-02
-5.294082e-01 6.970112e-02 -8.883714e-02
3.166799e-02 -1.999522e-01 -1.775929e-01
5.857791e-01 1.558539e-01 1.367586e-02
-2.131146e-01 -1.045771e-01 1.820567e-01
6.044881e-01 1.062751e-01 9.037250e-02
-1.815484e-02 -1.797791e-01 -1.752035e-01
-6.785564e-02 -7.505961e-02 -1.370128e-01
9.009287e-02 -1.831141e-01 1.794435e-01
-6.918407e-01 -1.992811e-01 8.967091e-02
2.706040e-01 -7.707273e-03 -1.327219e-01
3.852372e-01 -9.484637e-02 1.673437e-01
-7.357662e-01 -1.639272e-01 8.946755e-02
6.023325e-01 1.192698e-02 1.397784e-01
3.718969e-01 -2.406646e-01 1.410596e-01
-5.882296e-01 -2.772691e-01 4.080388e-02
-1.249994e-01 -3.781349e-01 1.446895e-02
6.109346e-01 -2.123977e-01 7.869973e-03
-9.502077e-01 3.302643e-01 -6.533907e-02
-2.285241e-02 -7.843535e-02 1.635815e-01
7.248967e-01 2.064394e-01 -1.170328e-02
-8.313853e-01 2.347265e-01 -1.014759e-01
4.867842e-01 -2.696025e-01 1.631952e-02
5.496525e-01 -2.145737e-01 8.871512e-02
-6.596441e-02 2.399639e-03 3.271021e-02
-2.471161e-01 -3.074577e-01 -1.227167e-01
5.068048e-01 -1.839682e-01 -1.543897e-01
-4.094267e-01 3.828224e-02 5.097180e-02
-7.600573e-01 1.083697e-01 -1.663777e-01
-1.264432e-01 -2.901620e-01 1.641916e-01
2.954646e-01 4.736220e-02 -5.568971e-02
-6.362527e-01 -1.069869e-01 1.558031e-01
3.858879e-01 -2.028399e-01 -1.731902e-01
4.658891e-01 -2.573095e-01 7.882174e-02
-2.603548e-01 -6.182097e-02 -1.362908e-01
3.928428e-01 7.803882e-02 4.831797e-02
3.183322e-01 -1.890215e-02 -1.472722e-01
3.656843e-01 7.650346e-02 -4.494222e-03
-2.843917e-01 -3.670112e-01 1.989863e-02
4.963471e-02 -2.901824e-01 -1.464994e-01
5.150561e-02 -6.934515e-03 -6.613217e-02
7.576882e-01 -9.734769e-02 6.728115e-02
-8.792864e-01 3.319217e-01 -1.406020e-01
1.265957e-01 -1.097932e-01 -1.601041e-01
-2.208219e-01 -4.575558e-03 8.145523e-02
9.928968e-03 -3.588362e-01 7.191772e-02
8.001596e-01 5.394084e-02 -1.656558e-01
6.645602e-01 -1.862763e-01 -9.222306e-03
-4.604798e-01 -7.249728e-02 1.729665e-01
-1.217761e-01 -1.376737e-01 1.844970e-01
-3.695379e-01 -2.032180e-05 -1.088680e-01
-3.757810e-01 -2.823937e-01 -1.306375e-01
3.408644e-01 2.180004e-02 1.097729e-01
2.690280e-01 -3.239704e-01 -5.084978e-02
4.569972e-02 -2.573399e-01 1.694179e-01
1.170887e-01 -1.311655e-03 8.783052e-02
3.079203e-01 -5.453056e-02 -1.604295e-01
3.882164e-01 4.102758e-02 1.017504e-01
-8.654377e-01 -1.529254e-02 2.913110e-02
-7.519128e-01 -1.389650e-01 -9.107409e-02
1.360976e-02 -3.678043e-01 -3.041226e-02
-1.103576e-01 -3.193846e-01 -1.175412e-01
9.276704e-02 -1.633477e-01 -1.733123e-01
-1.317509e-01 -3.344332e-01 1.208966e-01
4.559551e-01 -1.600736e-01 -1.817720e-01
-3.719274e-01 -7.713385e-02 1.764033e-01
-1.477959e-01 -3.434928e-01 -8.141456e-02
-2.138263e-01 -3.186626e-02 1.243232e-01
2.863948e-01 -3.110774e-01 8.285840e-02
-6.257391e-01 4.451518e-02 1.198086e-01
3.726798e-01 -1.595346e-02 -1.560573e-01
-7.048862e-01 8.210599e-02 9.692064e-02
3.784552e-01 -8.493265e-02 -1.782132e-01
-4.319385e-01 -3.388867e-01 -7.554767e-03
-1.928601e-01 -9.730701e-02 -1.516342e-01
-6.520536e-01 -6.674223e-02 -1.836937e-01
2.185341e-01 -2.170648e-01 1.675165e-01
3.519169e-01 6.763704e-02 -3.957356e-02
5.625352e-01 -2.651794e-02 -1.818736e-01
-2.322710e-01 -3.629338e-01 -3.822122e-02
-6.482059e-03 4.789107e-03 4.219688e-02
-1.544762e-01 -1.495701e-02 9.106392e-02
2.068613e-01 -3.491665e-01 1.483500e-02
-6.457089e-01 -2.417728e-01 6.316314e-02
-1.035146e-01 -3.712512e-01 4.761638e-02
-4.243837e-01 -2.909449e-01 1.356198e-01
-5.220263e-01 -3.631980e-02 1.626868e-01
3.297610e-01 6.563396e-02 -8.398704e-03
8.271096e-02 -3.505086e-01 7.667631e-02
-4.785991e-01 -6.466797e-02 -1.679944e-01
7.088516e-01 -1.020554e-01 9.710366e-02
-1.583807e-01 -1.734646e-02 -7.050438e-02
8.781273e-01 1.242215e-01 6.899953e-02
3.713274e-01 -3.123586e-01 -1.531289e-02
-2.322913e-01 -2.103743e-01 1.830531e-01
-7.234223e-01 9.155199e-02 -1.669065e-01
-7.825997e-01 -5.518131e-02 -1.424221e-01
5.555092e-01 -1.661845e-01 1.271194e-01
-5.693376e-01 -2.878539e-01 -2.452503e-02
8.911320e-01 8.275674e-02 -1.439371e-01
-5.021378e-01 5.457125e-02 7.083992e-02
-3.876673e-01 -8.502416e-02 -1.625343e-01
-7.254254e-01 2.441319e-02 1.145518e-01
-3.535438e-01 1.542475e-02 8.099767e-02
-5.746453e-01 -2.718699e-01 7.915728e-02
7.149117e-01 -5.566937e-02 -1.645983e-01
5.344311e-01 -2.517273e-01 -1.128639e-03
3.829494e-01 -1.555082e-01 1.629613e-01
-5.578682e-01 -9.061652e-02 1.675369e-01
5.603186e-01 -1.436931e-01 -1.670997e-01
5.894701e-01 1.423916e-01 4.723000e-02
5.665719e-01 1.453505e-01 -5.442889e-02
-1.006117e-02 -1.549083e-01 1.842224e-01
4.961285e-01 8.519704e-02 -1.290614e-01
-1.544355e-01 -2.763133e-01 1.693061e-01
7.220395e-01 8.560375e-02 1.152737e-01
6.298876e-01 -1.898961e-01 4.903989e-02
7.636466e-01 1.433678e-02 1.064887e-01
6.560395e-01 1.758542e-01 -8.565458e-02
3.886333e-01 3.861779e-02 -1.309120e-01
3.575601e-01 -2.256974e-01 -1.644763e-01
9.730193e-02 1.169318e-03 -6.278693e-02
1.039823e-01 -2.456774e-01 -1.739630e-01
9.570201e-01 1.044856e-01 2.288799e-02
-3.093133e-01 2.189155e-02 6.385456e-03
2.401104e-01 -6.533906e-02 -1.553659e-01
9.815249e-01 1.181411e-01 1.474349e-03
-2.815040e-01 -1.038653e-01 1.823719e-01
-4.504899e-02 -3.657605e-01 -4.208503e-02
6.823134e-01 1.856358e-01 2.032568e-02
-7.718115e-01 -1.473637e-01 5.141919e-02
-6.470612e-01 1.256959e-01 -9.899489e-02
-7.315567e-01 -1.157821e-01 -1.320915e-01
2.421643e-01 -1.082274e-01 1.759457e-01
-9.292719e-01 2.040702e-01 -7.890308e-02
6.271727e-01 -2.064292e-01 -1.825142e-02
-2.703295e-01 1.492652e-02 2.789061e-02
-7.773733e-01 -1.175513e-01 -8.992511e-02
4.575413e-01 -4.473884e-02 -1.764643e-01
4.535453e-01 -1.093052e-01 -1.844359e-01
5.214568e-01 1.291326e-01 2.124079e-02
2.235367e-01 1.058482e-02 9.562932e-02
-6.034408e-01 -1.503327e-01 -1.742375e-01
6.736097e-01 -5.325957e-02 1.208356e-01
2.370650e-02 -3.377784e-01 1.081664e-01
9.107155e-01 9.191816e-03 -6.074317e-02
-3.427861e-01 -5.915696e-02 1.658693e-01
-9.693945e-01 2.998317e-01 -7.885224e-02
-6.146560e-01 2.653841e-03 1.429102e-01
-3.544996e-01 -2.621901e-01 1.661134e-01
-7.716386e-01 5.044307e-02 -1.776845e-01
-7.065029e-01 1.601143e-01 -5.668617e-02
-3.078898e-01 -2.758557e-01 -1.516342e-01
-4.911616e-02 -1.686960e-01 -1.733427e-01
-6.767922e-01 -8.145521e-02 1.455131e-01
1.400784e-01 -3.347178e-01 9.475487e-02
-7.813185e-01 1.697433e-01 -2.877522e-03
-8.297890e-01 5.978746e-03 8.117053e-02
-4.026955e-01 -3.226994e-01 9.265012e-02
1.166768e-02 -7.912677e-02 -1.408664e-01
2.307609e-02 -8.825756e-02 1.698552e-01
9.083666e-01 3.633000e-02 -1.026757e-01
9.662221e-01 1.940548e-01 -9.008780e-02
4.201843e-01 -2.125909e-01 -1.594229e-01
-5.283812e-01 -2.047718e-01 1.633884e-01
-8.611062e-01 -4.351870e-02 -4.320350e-02
9.203445e-01 2.722971e-02 -4.900939e-03
4.254208e-01 5.541525e-03 1.382736e-01
-3.096488e-01 -8.836942e-02 -1.547761e-01
3.068628e-01 -2.074459e-01 -1.795045e-01
-7.395283e-01 -3.276105e-02 -1.769219e-01
-6.180013e-01 -8.143489e-02 1.581722e-01
-5.814528e-02 -2.661556e-01 -1.714515e-01
-7.652328e-01 8.957954e-03 1.074648e-01
-8.237492e-01 8.675273e-02 5.318841e-02
-9.096377e-01 3.489123e-01 -7.988938e-02
-8.470033e-01 2.177359e-01 -4.395593e-02
7.943537e-01 -1.046889e-01 -2.530796e-02
-6.863501e-01 -2.058699e-01 -6.614234e-02
7.971702e-01 1.716040e-01 -1.336675e-01
-4.010788e-01 -1.421882e-01 -1.781827e-01
-2.405680e-01 -3.408084e-01 -7.710336e-02
-5.029817e-01 -3.024754e-01 -4.745370e-02
6.398165e-02 -3.697260e-01 8.886765e-03
-4.750606e-01 -2.759473e-01 1.378262e-01
-1.260772e-01 -1.692451e-01 1.855951e-01
4.360666e-01 -2.732934e-01 6.828777e-02
2.227131e-01 -3.242856e-01 8.588844e-02
5.826677e-01 4.620305e-02 -1.697026e-01
-4.551620e-01 2.287784e-02 1.039975e-01
-8.719756e-01 5.356463e-02 3.294407e-02
-5.745741e-01 -1.971865e-01 -1.524985e-01
-9.833754e-01 3.077830e-01 -1.450556e-01
2.388394e-01 -3.377784e-01 -3.327961e-02
1.471959e-01 -1.373685e-02 -1.133825e-01
3.033854e-01 -2.402883e-01 -1.633985e-01
-6.210822e-01 1.212220e-01 -2.558250e-02
-1.234895e-02 -2.843256e-01 -1.561793e-01
-7.213481e-01 -1.053702e-01 1.331998e-01
8.950162e-01 -6.812499e-03 -2.740255e-02
6.775955e-01 -1.748069e-01 1.561793e-02
-7.355832e-01 -1.900080e-01 1.445879e-02
-1.042568e-01 -3.422116e-01 1.086443e-01
8.015628e-01 1.197476e-01 8.969125e-02
-5.418232e-01 8.933538e-02 -1.026960e-03
3.167257e-01 -2.620375e-01 1.400428e-01
6.676106e-01 -1.523663e-01 -9.982867e-02
-2.534609e-01 -2.575230e-01 -1.718176e-01
-1.076122e-01 -2.955713e-01 -1.472722e-01
-3.083372e-01 -3.385207e-01 -6.627452e-02
2.044210e-01 2.168819e-02 7.158218e-02
-1.820821e-01 1.992928e-03 1.830226e-04
-9.414226e-01 2.673554e-01 -1.626258e-01
5.464903e-01 -2.025959e-01 -1.143891e-01
-1.690265e-01 -2.977166e-02 -1.019741e-01
1.886404e-01 -1.165346e-01 -1.671912e-01
-5.498660e-01 2.671115e-02 -1.460927e-01
-1.132859e-01 -3.576770e-01 8.197380e-02
-6.139240e-01 -1.674148e-01 1.560674e-01
-1.029503e-02 -1.152331e-01 -1.568605e-01
-8.976192e-01 2.829733e-01 -1.697230e-01
6.451801e-01 4.322386e-02 -1.754272e-01
-8.922607e-01 6.737266e-02 -6.582713e-02
-8.048064e-01 1.991388e-01 -1.432965e-01
2.332776e-01 -2.881488e-01 -1.244961e-01
-2.805991e-01 -1.464282e-01 -1.720921e-01
-3.190338e-01 8.093681e-03 8.274656e-02
1.662303e-01 9.659539e-03 8.244152e-02
-8.781781e-01 3.101420e-01 -1.098542e-01
-1.051923e-01 -2.638474e-01 -1.726513e-01
-8.459255e-01 2.612241e-01 -1.421984e-01
-8.404449e-01 -6.591864e-02 -6.980279e-02
1.184512e-01 -6.679307e-02 -1.414866e-01
1.353401e-01 -3.589175e-01 -2.001047e-02
4.877043e-02 -5.149036e-02 1.432152e-01
-6.283929e-01 9.552765e-02 -1.341251e-01
5.950726e-01 1.403682e-01 -1.126504e-01
3.758572e-02 -2.707311e-01 -1.653711e-01
5.191894e-01 -2.447826e-01 -6.288860e-02
-2.530339e-01 -7.156183e-02 1.665913e-01
-4.364530e-01 -2.425151e-01 -1.597177e-01
-7.554411e-01 -1.300274e-01 1.066513e-01
7.129087e-01 1.974407e-01 -7.478507e-02
8.027066e-02 -2.358450e-01 1.730174e-01
-2.590279e-02 -3.758471e-01 1.880049e-02
3.149972e-01 -9.673760e-02 -1.738003e-01
-7.507639e-01 -5.968570e-02 -1.629308e-01
3.243720e-01 -3.223231e-01 -2.393529e-02
-3.255617e-01 -3.100199e-02 -1.247502e-01
8.631703e-01 -4.010227e-02 -6.086519e-02
5.540654e-01 -2.312491e-01 -5.858757e-02
-4.841304e-01 -1.306070e-01 -1.806942e-01
-5.429722e-01 -3.009705e-01 -1.659405e-02
-2.036178e-01 -3.594259e-01 -4.907040e-02
5.352751e-01 -1.833480e-01 -1.432965e-01
2.979709e-02 -3.412457e-01 -7.867939e-02
4.219434e-01 9.367709e-02 -1.472315e-02
3.267919e-01 -2.146347e-01 1.573079e-01
-5.809189e-01 8.105869e-02 -1.174090e-01
-6.497812e-02 -5.938067e-02 1.484212e-01
-4.464277e-01 2.452504e-02 -1.108405e-01
-2.198152e-01 -2.867049e-01 1.648525e-01
9.787490e-01 1.855951e-01 -5.399167e-03
-9.083514e-02 -3.470210e-01 -7.679832e-02
-9.064958e-01 1.464079e-01 -1.153653e-01
-3.974489e-01 3.025975e-02 -6.285810e-02
-3.879572e-02 -2.266125e-01 -1.779692e-01
-3.757607e-01 -2.966796e-01 1.420561e-01
9.170704e-01 1.610294e-01 -1.383854e-01
-1.546185e-01 -2.675079e-01 -1.700789e-01
-2.274920e-01 -1.826464e-01 -1.768100e-01
-4.583344e-01 -3.269801e-01 4.189184e-02
-2.463840e-01 -3.576364e-01 6.731165e-02
-1.047652e-01 -4.110891e-02 -1.133723e-01
5.012837e-01 -1.840902e-01 1.354469e-01
-5.257376e-01 -1.694789e-01 -1.779183e-01
-2.153058e-02 -2.660335e-01 1.699060e-01
8.486911e-01 -4.859250e-02 6.466799e-03
-8.807709e-01 1.146637e-01 -1.295393e-02
9.722059e-02 7.188736e-03 6.661006e-02
-5.401252e-01 5.571006e-02 8.501400e-02
1.895453e-01 -8.261437e-02 -1.561793e-01
-5.863791e-01 -2.084017e-01 1.505158e-01
-9.314784e-01 2.243146e-01 -1.475569e-01
-1.218168e-01 -3.159174e-01 1.457775e-01
7.450597e-01 -6.513571e-02 -1.438659e-01
7.556953e-01 1.964138e-01 3.018856e-02
7.903069e-01 -5.191740e-02 -1.234589e-01
-2.012079e-01 -1.503429e-01 -1.704551e-01
-9.904066e-02 -2.201355e-01 -1.788843e-01
7.783494e-01 -1.135350e-01 -4.785025e-02
9.071465e-01 1.415578e-01 5.532367e-02
2.319964e-01 3.924820e-02 3.719426e-02
-8.624890e-01 2.207558e-01 -1.585688e-01
7.249220e-02 -2.269480e-01 -1.775421e-01
-8.995918e-01 1.577858e-01 -5.172422e-02
6.721505e-02 -3.255972e-01 -9.893389e-02
-5.302521e-01 -3.043463e-01 2.793128e-02
7.411145e-01 1.846088e-01 -1.207644e-01
5.405775e-02 -1.823617e-01 1.814974e-01
-5.255139e-01 -9.572081e-02 1.710855e-01
-8.059350e-01 -1.178564e-01 2.407764e-02
4.389340e-01 7.254814e-02 -1.139722e-01
-6.899597e-01 2.607056e-02 1.215575e-01
-1.593771e-01 -3.743118e-01 3.063595e-02
7.761633e-01 6.049915e-02 1.052482e-01
-2.472076e-01 -1.786504e-01 1.860221e-01
-6.979211e-01 1.182835e-01 -1.481161e-01
-6.978602e-01 -2.197797e-01 -1.906486e-02
-4.000519e-01 -3.442147e-01 3.205946e-02
-4.571854e-01 -3.021906e-02 -1.496006e-01
-5.157425e-01 7.271083e-02 -6.371221e-02
6.417637e-01 1.514716e-01 -1.260619e-01
4.133617e-01 -2.788553e-01 -7.277182e-02
6.096941e-01 -2.038567e-01 -5.960436e-02
-6.477221e-01 1.244452e-01 1.226252e-02
1.709482e-01 -2.871116e-01 -1.365247e-01
7.708150e-01 1.279938e-01 -1.524578e-01
5.344921e-01 -3.467253e-03 1.472417e-01
-3.370311e-01 -3.393442e-01 8.440393e-02
4.556602e-01 5.428655e-02 1.045262e-01
2.829224e-02 -8.815578e-03 8.532921e-02
-4.577243e-01 -2.254330e-01 1.678521e-01
9.038928e-01 2.006233e-01 3.121552e-02
1.803332e-01 -3.341383e-01 -6.244121e-02
-7.810744e-01 1.788029e-01 -1.424831e-01
3.347738e-01 4.159698e-02 -1.044957e-01
7.221106e-01 1.600228e-01 6.733199e-02
-6.573003e-01 -1.759559e-01 1.402868e-01
-9.468523e-01 2.610004e-01 -7.095177e-02
-5.385085e-01 -1.048109e-01 -1.821990e-01
4.201538e-01 -1.632460e-01 -1.831955e-01
-2.484786e-01 -2.463688e-01 1.754780e-01
-2.496784e-01 6.537984e-03 -2.011215e-02
-7.211447e-01 1.630122e-01 -3.175442e-02
-4.856353e-01 3.641135e-02 -1.158330e-01
-6.080164e-01 7.337174e-02 8.556307e-02
-5.108720e-01 1.567895e-02 1.263364e-01
-4.320605e-01 -3.098268e-01 -7.317854e-02
-1.538966e-01 -9.399227e-02 -1.479229e-01
8.471558e-01 2.605023e-02 -1.398191e-01
-8.091684e-01 5.129719e-02 -1.712177e-01
-4.293253e-01 -3.058816e-01 1.118878e-01
7.440022e-01 3.656386e-02 1.130876e-01
-2.833241e-01 4.118024e-03 -4.930426e-02
8.502570e-01 9.685964e-02 -1.564132e-01
-5.733234e-01 -2.372685e-01 1.370331e-01
5.622607e-01 1.328948e-01 4.726051e-02
7.365288e-01 -1.459199e-01 -2.237960e-02
-6.664819e-01 1.431745e-01 -4.622338e-02
3.326283e-01 -3.189982e-01 2.716869e-02
-3.052665e-01 -3.369446e-01 9.807979e-02
7.655378e-01 -1.673639e-02 1.019029e-01
4.831441e-01 -1.004184e-01 1.559048e-01
-5.664093e-01 -1.224218e-01 -1.821482e-01
-6.381541e-01 -2.141365e-01 1.236419e-01
9.986171e-01 1.454420e-01 -5.331042e-02
7.753193e-01 -1.146738e-01 8.459712e-03
-2.421542e-01 -3.136803e-02 1.276074e-01
1.181868e-01 1.072717e-02 -4.121059e-02
5.255342e-01 -4.161730e-02 -1.812026e-01
-5.201147e-01 -2.778588e-01 1.120302e-01
4.268138e-01 -5.106330e-02 -1.752645e-01
-8.866886e-01 5.249700e-02 -3.599445e-03
8.349034e-01 1.360672e-01 7.915728e-02
-9.511940e-01 3.011434e-01 -1.701399e-01
6.179403e-01 1.698653e-01 1.860730e-03
-3.082863e-01 -2.942699e-01 -1.303833e-01
-6.584798e-01 1.136977e-01 4.572515e-02
5.329567e-01 -2.310457e-01 7.329039e-02
-4.044037e-01 4.464736e-02 -5.114465e-03
6.924915e-01 -1.471807e-01 6.301062e-02
-6.693391e-01 -2.178173e-01 8.406838e-02
-9.295464e-01 3.762335e-01 -9.307717e-02
5.863892e-01 -1.021164e-01 1.354672e-01
-8.168248e-01 -8.172976e-02 6.964011e-02
8.529210e-01 -1.708211e-02 4.780957e-02
4.183744e-01 -1.073326e-01 -1.833988e-01
-7.295943e-01 1.239572e-01 5.872993e-02
1.902469e-01 -1.591992e-01 1.767998e-01
-7.271235e-01 4.679279e-02 -1.795147e-01
-6.057387e-01 -2.003793e-01 -1.328337e-01
-3.544894e-01 -1.482686e-01 -1.766371e-01
-2.667911e-01 -1.151619e-01 -1.636934e-01
9.769188e-01 1.891946e-01 -5.934000e-02
3.345603e-01 -2.981540e-01 -7.544599e-02
4.453601e-01 -1.604600e-01 1.543287e-01
-3.133246e-02 -1.055430e-01 1.791791e-01
4.970132e-01 9.738838e-02 6.997564e-02
9.645799e-02 -3.654961e-01 1.262856e-02
2.875133e-01 -2.892774e-01 -1.085731e-01
-5.129727e-03 -3.303355e-01 1.208763e-01
7.425786e-01 -1.025943e-01 -1.102406e-01
-8.714419e-02 -3.283121e-01 -1.051872e-01
-3.371124e-01 -3.541081e-01 -2.255245e-02
-8.140185e-01 -2.030534e-02 9.304666e-02
7.060961e-01 -1.584467e-01 -4.940594e-02
5.454328e-01 1.107389e-01 -1.256552e-01
-9.112848e-01 3.575042e-01 -1.781929e-01
-5.974519e-01 1.025435e-01 2.395563e-02
6.875040e-02 1.133724e-02 4.626405e-03
4.270070e-01 1.406225e-02 -1.535051e-01
-3.319471e-01 8.571565e-03 -6.926389e-02
2.867812e-01 2.319304e-02 -1.106372e-01
-5.752960e-01 1.015471e-01 -4.873485e-02
-1.268194e-01 -3.365581e-02 1.201137e-01
-9.039742e-01 2.301916e-01 -5.281219e-02
1.539779e-01 -1.471807e-01 -1.721531e-01
-8.747108e-01 2.521655e-03 7.097210e-03
-2.034856e-01 5.988917e-03 2.398613e-02
-2.942241e-01 -3.988875e-02 -1.262856e-01
5.089299e-01 -1.491431e-01 1.449132e-01
-3.254295e-01 -1.357416e-02 1.206932e-01
6.834827e-01 -4.992439e-03 -1.803993e-01
6.048542e-01 -1.835005e-01 9.037250e-02
-2.728206e-01 -3.371073e-01 -7.725588e-02
-8.757785e-01 2.540456e-01 -5.459158e-02
1.298291e-01 -3.453332e-01 -5.369680e-02
3.827969e-01 7.176521e-02 -6.155661e-02
3.464262e-01 -3.087897e-01 -4.600985e-02
-5.392507e-01 6.245139e-02 -1.134334e-01
4.409167e-01 -2.867456e-01 2.072223e-02
3.383020e-01 -1.631545e-01 -1.831955e-01
3.226231e-01 -2.687484e-01 -1.276278e-01
-2.106743e-01 -2.566892e-01 -1.738003e-01
1.595601e-01 2.637560e-02 1.345216e-02
-6.743316e-01 -1.218117e-02 1.355282e-01
3.597970e-01 -1.831548e-01 -1.822905e-01
-8.016441e-01 1.377855e-01 -1.592398e-01
8.453153e-01 8.403790e-02 8.038760e-02
-6.690137e-01 -1.209271e-01 -1.694789e-01
3.977234e-01 -2.930294e-01 -5.083961e-02
9.027845e-01 2.287884e-01 -2.409798e-03
-6.952267e-01 -1.412324e-01 -1.354367e-01
-5.877009e-01 -5.862823e-02 -1.822295e-01
1.204390e-02 -2.915855e-01 1.587518e-01
-9.150470e-01 3.239907e-01 -6.087536e-02
-3.241178e-01 -3.627610e-01 1.010692e-02
5.572276e-01 -1.681571e-01 -1.487059e-01
-8.943146e-01 1.108812e-01 -1.080952e-01
2.869895e-02 -3.098064e-01 -1.238148e-01
-4.890720e-01 -2.340046e-01 -1.509327e-01
2.176698e-01 -1.504242e-01 -1.759864e-01
-9.568880e-01 3.667875e-01 -1.475366e-01
2.922108e-01 2.718904e-02 9.169433e-02
1.933075e-01 -3.521660e-01 -8.480048e-03
-1.037077e-01 -1.944717e-01 1.845580e-01
3.943273e-01 -2.464298e-01 -1.335353e-01
-7.800983e-01 -6.393589e-02 1.110744e-01
2.571315e-01 -2.211015e-01 1.626461e-01
-3.192372e-01 -2.929277e-01 1.551523e-01
-6.555616e-01 -2.477923e-01 -2.674164e-03
7.558072e-01 9.553782e-02 1.088069e-01
8.598555e-01 2.331607e-01 -8.001138e-02
5.884126e-01 -1.593415e-01 1.195239e-01
-1.845486e-03 -2.322862e-01 1.777556e-01
8.113342e-01 2.243959e-01 -7.801847e-02
-6.051287e-01 -5.737758e-02 1.575215e-01
-3.531981e-01 -3.089727e-01 1.322440e-01
4.797887e-01 -6.716929e-02 -1.816499e-01
5.213958e-01 -1.167379e-01 1.482788e-01
-5.340041e-01 -2.581839e-01 1.335048e-01
5.598204e-01 1.277498e-01 -1.058481e-01
7.561834e-01 -1.249536e-01 -5.813002e-02
7.994173e-01 2.255855e-01 -1.794638e-02
6.351241e-01 -1.659608e-01 -1.058176e-01
-1.779031e-01 -3.769249e-01 -1.087968e-03
-1.165753e-02 -1.651270e-02 -7.595439e-02
-5.361698e-01 -2.176851e-01 -1.482992e-01
9.297904e-01 1.867746e-01 3.254752e-02
-3.952526e-01 -6.212589e-03 -1.230319e-01
-1.577909e-01 -8.754581e-02 1.723056e-01
-3.619425e-01 2.497243e-02 -4.755538e-02
-8.835773e-01 1.683810e-02 -4.996518e-02
-8.213902e-01 -6.860296e-02 -9.491756e-02
3.278291e-01 4.175967e-02 8.383452e-02
7.019680e-01 1.988846e-01 0.000000e+00
-1.247248e-01 -2.610716e-01 1.735156e-01
1.627935e-01 -7.598488e-02 1.669980e-01
7.743534e-01 1.655440e-01 6.501370e-02
2.668622e-01 -1.316543e-01 -1.762406e-01
-3.054292e-01 -2.373498e-01 1.756915e-01
-4.879332e-01 3.512001e-02 9.690031e-02
-2.610615e-02 -3.213674e-01 1.350910e-01
-1.417561e-01 1.515034e-03 3.896348e-02
5.594899e-02 -3.078033e-01 -1.245469e-01
2.054073e-01 -1.309627e-02 1.208661e-01
5.526215e-01 6.695578e-02 1.116540e-01
1.191630e-01 -2.978185e-01 -1.309018e-01
-5.042731e-01 -2.162311e-01 1.642425e-01
-4.319893e-01 -2.707718e-01 -1.286751e-01
9.760341e-01 1.309120e-01 -1.056041e-01
-9.637411e-01 3.532642e-01 -6.565428e-02
-4.526607e-01 -2.831766e-02 1.551930e-01
2.836291e-01 -1.553659e-01 -1.804908e-01
-3.977234e-01 -3.277120e-02 -1.395852e-01
-7.521873e-01 -1.590466e-01 6.904020e-02
-8.275520e-01 3.807888e-02 7.371744e-02
-7.186638e-01 2.056972e-02 -1.825854e-01
-2.506952e-01 -2.306288e-01 -1.777150e-01
-6.234005e-01 1.148569e-01 -9.351439e-02
7.655684e-01 -1.002556e-02 -1.645678e-01
-6.901935e-01 1.161787e-01 5.669634e-02
-7.351053e-01 -1.920416e-01 -1.958342e-02
1.655185e-01 2.412849e-02 -2.132213e-02
7.709268e-01 2.190882e-01 -1.727530e-02
6.449056e-01 -1.494176e-01 1.013437e-01
-7.310890e-01 1.704042e-01 -5.519149e-02
6.931422e-01 -1.235708e-01 -1.188630e-01
7.558173e-01 1.633375e-01 -1.366467e-01
-7.766921e-01 -5.582178e-03 -1.724175e-01
-3.503511e-01 -2.329369e-01 1.742680e-01
-5.808579e-01 1.041704e-01 -4.850099e-03
-9.328562e-02 1.464192e-03 2.717886e-02
-5.485087e-02 -1.373178e-01 -1.650051e-01
6.792630e-01 3.790603e-02 1.278311e-01
-2.813922e-01 1.626880e-03 8.433276e-02
9.925570e-01 1.131283e-01 -4.969064e-02
-5.812036e-01 -4.250182e-03 1.487974e-01
2.898011e-01 -9.023014e-02 -1.693468e-01
-5.491746e-01 8.199414e-02 3.848559e-02
-7.105497e-01 1.544508e-01 -1.165956e-01
-5.971114e-02 -3.167613e-01 -1.200628e-01
9.031708e-01 2.410510e-01 -3.753997e-02
-3.122417e-01 -1.902927e-01 -1.793520e-01
-5.790785e-01 4.563365e-02 -1.458283e-01
-6.348394e-01 -2.285037e-01 -7.684916e-02
6.678953e-01 -1.467943e-01 8.878631e-02
-1.588789e-01 -1.228895e-01 1.835615e-01
-8.490979e-01 7.451055e-02 -1.482992e-01
6.311737e-02 -1.075665e-01 -1.560268e-01
-1.270483e-02 -4.301024e-03 -3.623848e-02
-6.278235e-01 -1.318475e-01 1.573893e-01
6.689629e-01 1.010793e-01 -1.606227e-01
1.235148e-01 1.736682e-02 4.751470e-02
5.229820e-01 2.636544e-02 1.354672e-01
-4.349888e-01 4.398644e-02 5.295454e-02
-9.682049e-01 3.201167e-01 -1.638459e-01
-4.254005e-01 -2.616817e-01 1.598601e-01
-4.023600e-01 -2.124994e-01 1.754577e-01
-3.380580e-01 -1.099152e-02 -1.116235e-01
-1.262805e-01 -7.351396e-03 -3.546572e-02
7.881310e-01 -9.013863e-02 3.993960e-02
-3.780485e-01 -1.302816e-01 -1.745121e-01
9.447068e-01 9.062671e-02 -1.116743e-01
-6.683020e-01 8.391588e-02 8.968108e-02
5.576750e-01 -1.891437e-01 1.147653e-01
-1.935210e-01 -3.080677e-01 1.528646e-01
-8.191940e-01 1.841513e-01 -1.461131e-02
5.515437e-01 1.428492e-01 -2.163734e-02
-8.845026e-01 7.613742e-02 -1.081969e-01
6.453937e-01 1.806738e-01 -4.331535e-03
8.132458e-01 8.055030e-02 9.267045e-02
8.404755e-01 -2.432167e-02 -1.103321e-01
8.547309e-01 3.791619e-02 7.047387e-02
-6.226378e-01 -1.632663e-01 -1.617920e-01
-3.092523e-01 2.113912e-02 3.444892e-02
-5.135259e-01 -3.095522e-01 -2.467755e-02
-2.126622e-02 -3.017738e-01 -1.377652e-01
6.302739e-01 1.089391e-01 9.296532e-02
9.049604e-01 1.048313e-01 -1.440998e-01
-5.625149e-01 -1.179469e-03 -1.627173e-01
-7.013376e-01 -2.140449e-01 3.159174e-02
-8.283349e-01 1.366874e-01 1.433677e-02
6.996598e-01 5.762163e-02 -1.721429e-01
-8.608215e-01 2.619664e-01 -8.349899e-02
1.809026e-01 -3.509154e-01 3.384902e-02
-1.796316e-01 -2.823530e-01 -1.580909e-01
-2.802127e-01 -1.678722e-02 -1.007946e-01
-1.138960e-01 -2.318276e-03 5.689969e-02
-4.484206e-01 -1.966476e-01 -1.779081e-01
1.190918e-01 -6.819626e-02 1.596771e-01
-8.160317e-01 1.002049e-01 -1.675775e-01
3.738593e-01 -3.092065e-01 1.628901e-02
8.723824e-01 2.033381e-01 -1.213135e-01
6.355104e-01 1.953259e-02 -1.792198e-01
4.462345e-01 9.259929e-02 -6.718964e-02
-2.105828e-01 -1.156601e-01 -1.607549e-01
-4.574091e-01 -2.699889e-01 -1.201035e-01
-5.799275e-02 -2.913517e-01 1.617208e-01
-6.572291e-01 -4.765704e-02 1.462452e-01
1.317407e-01 -2.210405e-01 -1.779997e-01
8.281519e-01 -7.185670e-02 1.362502e-03
2.280817e-01 6.456640e-03 -1.112981e-01
3.052258e-01 5.837406e-02 -1.147958e-02
5.123870e-01 -2.445690e-01 6.403758e-02
5.646095e-01 -2.079035e-01 -9.409396e-02
-3.783027e-01 -3.524202e-01 1.263873e-02
4.917715e-02 -1.412528e-01 1.821888e-01
3.173358e-01 -1.580400e-01 1.673233e-01
6.965688e-01 1.540847e-01 6.840979e-02
6.360188e-01 -1.895809e-01 -6.298012e-02
9.595926e-01 1.717159e-01 -1.247096e-01
2.031398e-01 -2.986014e-01 1.310950e-01
-1.982237e-02 -3.627915e-01 6.760652e-02
9.056060e-02 6.527814e-03 -3.860760e-02
-6.666650e-01 8.401756e-02 -1.561590e-01
-4.650554e-01 -3.290238e-01 -1.360468e-02
8.491283e-01 2.264295e-01 4.250192e-03
-3.376310e-01 -3.486784e-01 6.053982e-02
-3.939613e-01 -2.349095e-01 -1.721836e-01
1.090052e-01 -2.303033e-02 -1.150094e-01
7.971194e-01 1.934041e-01 -1.202662e-01
-9.501975e-01 2.865829e-01 -6.766753e-02
-9.894152e-01 3.267157e-01 -1.034281e-01
2.707769e-01 -3.229330e-02 1.455843e-01
7.217699e-02 -2.804311e-02 1.187105e-01
-7.826760e-02 -1.988439e-01 -1.779285e-01
1.388684e-01 -2.799331e-01 1.548066e-01
8.082126e-01 -7.343273e-02 3.921768e-02
2.021841e-01 -8.796270e-02 1.751526e-01
4.508203e-01 -9.058601e-02 1.607447e-01
-2.079289e-01 -2.836647e-01 -1.547050e-01
-7.268692e-01 -4.700630e-02 1.294275e-01
1.264229e-01 -3.581346e-01 3.717393e-02
2.295408e-02 -3.106299e-02 -1.110134e-01
-5.930289e-01 -2.669080e-02 -1.776031e-01
1.755644e-01 -3.695022e-02 1.396056e-01
7.628332e-01 -6.560344e-02 8.891848e-02
-5.914528e-01 5.482545e-02 1.033468e-01
-6.270304e-01 -2.569129e-01 4.945678e-02
3.327199e-01 -1.210491e-01 -1.797689e-01
5.169880e-02 -7.752023e-02 -1.419950e-01
8.843398e-01 2.354789e-01 -8.642735e-02
-3.288357e-01 -1.026248e-01 -1.633884e-01
8.883460e-01 8.025543e-02 6.104821e-02
-6.761161e-02 -3.100199e-02 -1.035705e-01
2.205575e-01 -3.354805e-01 6.173963e-02
5.108314e-01 -8.181110e-02 1.527120e-01
5.134242e-01 1.247401e-01 -4.256293e-02
-6.193333e-01 -2.311372e-01 1.154364e-01
-3.904432e-01 -2.506189e-01 1.670386e-01
-7.845062e-02 -9.278230e-02 1.735664e-01
-6.347479e-01 -5.897298e-04 -1.785081e-01
1.728496e-01 -3.152463e-01 -9.803912e-02
5.522046e-01 -2.402680e-01 2.096626e-02
-2.136230e-01 -3.687906e-01 4.154613e-02
-9.142132e-01 1.705873e-01 -7.868956e-02
-8.656818e-01 1.745934e-01 -3.100200e-02
3.089523e-02 -2.341469e-01 1.760576e-01
4.615678e-01 5.121584e-02 -1.423204e-01
-2.063224e-01 -8.275672e-02 1.712888e-01
2.970406e-01 5.176491e-02 4.982282e-02
2.464654e-01 -3.538426e-03 -1.254112e-01
4.176830e-01 -1.151416e-01 1.635815e-01
-8.184924e-01 -1.466213e-02 -1.387515e-01
2.391343e-01 -2.931514e-01 1.289598e-01
5.248021e-01 5.950269e-02 -1.528849e-01
-1.533170e-01 -3.267360e-01 1.313797e-01
-3.674840e-01 3.222216e-02 3.502849e-02
-1.754831e-01 -4.925341e-02 1.411003e-01
6.700407e-01 -1.048516e-01 1.123759e-01
5.247817e-01 -2.217726e-01 -1.000727e-01
-8.189805e-01 2.021688e-01 -4.454567e-02
4.250853e-01 -2.873963e-01 4.179016e-02
-2.590736e-01 -2.769641e-01 -1.569114e-01
9.435273e-01 2.302425e-01 -5.085995e-02
8.882037e-01 1.634799e-01 5.686919e-02
9.434306e-02 -1.546033e-01 1.809077e-01
-3.461314e-01 -3.087996e-02 1.434389e-01
1.817262e-01 -2.316965e-01 -1.761491e-01
-3.236806e-01 -1.318068e-01 -1.714007e-01
-2.595922e-01 -1.074748e-02 -8.009273e-02
-2.421237e-01 -8.929469e-02 -1.504039e-01
7.182773e-01 -1.364027e-01 -8.038760e-02
9.616364e-01 6.991465e-02 -2.025450e-02
-2.609750e-01 -3.010925e-01 1.545728e-01
-3.788314e-01 -2.644473e-01 -1.512885e-01
-2.775792e-01 -7.468338e-02 1.705059e-01
-5.421791e-01 -1.461334e-01 1.703229e-01
5.617015e-01 -5.108364e-02 1.453708e-01
-6.008735e-02 -1.098847e-01 1.805111e-01
4.799819e-01 -9.210103e-02 -1.839174e-01
-6.879973e-01 -1.722141e-01 1.287157e-01
-8.901153e-01 3.507018e-01 -1.281158e-01
-5.882093e-01 -1.355282e-01 1.646187e-01
2.732172e-01 -2.496022e-01 -1.605515e-01
9.127235e-02 -3.319725e-01 -8.593929e-02
-8.553002e-01 -4.581665e-02 -6.919272e-02
-6.053931e-01 1.134130e-01 -6.263440e-03
6.277320e-01 -1.366467e-01 -1.431339e-01
-1.749950e-01 -3.582159e-01 -5.406285e-02
-5.090825e-01 -1.311560e-01 -1.815381e-01
2.878030e-02 -3.589480e-01 -4.815529e-02
7.519026e-01 1.128741e-01 -1.585281e-01
1.467892e-01 -1.875677e-01 -1.780708e-01
1.018063e-01 -1.330979e-02 1.034993e-01
8.132966e-01 -2.670095e-02 -1.281870e-01
6.510063e-01 9.358558e-02 1.072716e-01
3.193235e-02 -1.087955e-03 -3.854660e-02
6.701830e-01 -9.874069e-02 -1.552947e-01
-7.910390e-01 -2.609088e-02 -1.543999e-01
-9.444526e-01 2.186104e-01 -1.132808e-01
-6.714337e-01 -2.327946e-01 4.028531e-02
7.825183e-01 7.649330e-02 -1.657778e-01
3.794821e-01 5.542536e-02 -1.059701e-01
-8.031490e-01 -1.257264e-01 -2.465721e-02
-2.024891e-01 -2.157531e-01 -1.788334e-01
-7.572002e-01 3.028008e-02 -1.795350e-01
-2.804822e-02 -1.151007e-02 -5.793683e-02
9.626735e-01 1.697738e-01 1.857679e-02
2.129620e-01 -1.871508e-01 1.728852e-01
-4.910243e-01 6.907071e-02 1.798706e-02
6.456275e-01 -1.756203e-01 6.188198e-02
-2.289054e-01 -6.788105e-02 1.618123e-01
-4.419030e-01 -1.694586e-01 -1.806332e-01
-1.054058e-01 -9.987949e-02 1.779692e-01
8.107952e-01 -6.564410e-02 -9.194853e-02
-1.879998e-01 -2.607869e-01 1.738512e-01
8.559510e-01 1.175717e-01 7.788629e-02
-1.860374e-01 -1.618732e-02 -7.130765e-02
4.619135e-01 1.055329e-01 3.248652e-02
-3.996045e-01 2.097643e-02 -8.624432e-02
-9.093834e-01 3.773621e-01 -1.409782e-01
4.792905e-01 -4.310181e-02 1.569826e-01
9.428461e-01 2.175631e-01 7.829300e-04
8.154623e-01 -1.210999e-02 8.015374e-02
-8.803845e-01 1.342167e-02 -7.676782e-02
5.755502e-01 -2.196475e-01 -6.244121e-02
-2.257737e-01 -1.527222e-01 -1.715227e-01
-2.333183e-01 -6.131256e-02 -1.342369e-01
2.392003e-02 -1.585178e-02 -8.258387e-02
-4.921936e-01 -1.081765e-01 1.748985e-01
-3.833816e-02 -4.870423e-03 -3.220181e-02
-1.488737e-01 -3.640523e-01 6.723031e-02
4.882484e-01 2.809398e-02 -1.593009e-01
8.233120e-01 1.959359e-01 -1.226557e-01
-5.510964e-01 -5.072775e-02 1.629918e-01
1.383092e-01 -1.106168e-01 1.787012e-01
-5.923171e-01 -2.806245e-01 -5.592358e-04
-4.661230e-01 -2.988149e-01 -7.560867e-02
-8.509179e-01 -3.543521e-02 5.210044e-02
-8.592404e-02 -1.427575e-02 8.835925e-02
-7.981870e-01 8.672222e-02 6.710829e-02
9.657239e-01 8.251271e-02 -8.220766e-02
-5.372985e-01 8.581728e-02 -4.928392e-02
4.280543e-01 3.614697e-02 -1.427373e-01
-8.961550e-01 1.145620e-01 -6.788105e-02
-3.606410e-01 -3.523490e-01 3.411338e-02
-8.651123e-01 9.297550e-02 1.671606e-02
1.841970e-01 -2.605530e-01 1.585891e-01
-5.624031e-01 9.222317e-03 1.404902e-01
3.310421e-01 -3.227298e-02 1.524680e-01
9.953532e-01 1.600330e-01 -2.582652e-02
-2.203541e-01 -1.641102e-02 1.029706e-01
-7.934793e-01 -9.934059e-02 -9.328052e-02
7.029543e-01 5.622862e-02 1.226048e-01
-4.149072e-01 -1.128741e-01 1.795249e-01
-7.714353e-01 -1.527527e-01 -4.756555e-02
-8.396315e-01 5.429672e-02 5.989923e-02
5.198402e-01 -2.118487e-01 1.120403e-01
5.545331e-01 1.332608e-01 -8.259404e-02
6.699085e-01 -1.361993e-01 -1.180598e-01
-3.005180e-01 -2.133434e-01 1.806433e-01
-3.963812e-01 -3.368734e-01 6.234971e-02
9.354540e-01 2.263278e-01 -8.276689e-02
6.335887e-01 -1.235504e-01 1.185580e-01
2.422152e-01 -2.299577e-01 -1.752238e-01
3.430810e-01 -1.505666e-01 1.665099e-01
-4.667586e-02 -3.780332e-01 6.212601e-03
6.398216e-01 1.546948e-01 5.299522e-02
-7.950655e-01 1.969018e-01 -5.987890e-02
-9.507974e-01 3.508137e-01 -1.809585e-01
5.935677e-01 1.059499e-02 -1.787318e-01
-6.366492e-01 -2.005419e-01 -1.130165e-01
3.446875e-01 2.685349e-02 -1.275464e-01
2.858966e-01 -3.333147e-01 1.390972e-02
-1.398099e-03 -3.223221e-03 7.002649e-02
-1.850054e-02 -2.801262e-02 1.124471e-01
-5.130175e-01 -3.071119e-01 4.626405e-02
8.936740e-01 5.039224e-02 -1.249231e-01
-8.447459e-01 1.507395e-01 -1.590568e-01
4.175915e-01 -2.719919e-01 8.397688e-02
2.476347e-01 -1.487567e-01 1.736173e-01
2.643406e-01 3.232383e-02 -7.635094e-02
-1.291174e-01 -2.253517e-01 1.811822e-01
1.155229e-01 -3.541183e-01 5.843506e-02
6.162321e-01 -1.662252e-01 1.029807e-01
4.682684e-01 7.249739e-03 -1.635205e-01
-8.950315e-02 -3.729696e-01 -2.715852e-02
3.288052e-01 6.607117e-02 2.498259e-02
7.164370e-01 -7.187704e-02 1.054515e-01
4.943695e-01 1.166871e-01 3.106300e-02
-8.657630e-01 6.956894e-02 -1.303934e-01
-2.375888e-01 -1.233471e-01 1.848630e-01
4.509981e-02 9.079970e-03 3.983792e-02
4.479529e-01 -2.847018e-01 -2.835834e-02
-6.192824e-01 -2.498462e-01 8.017407e-02
-1.462707e-01 -1.221473e-01 -1.608667e-01
8.299566e-02 -1.291428e-01 -1.640696e-01
4.775823e-01 6.446464e-02 1.000219e-01
-1.382482e-01 -3.315658e-01 -1.000727e-01
1.420815e-01 -2.523475e-01 1.649746e-01
-6.363544e-01 2.627392e-02 1.317356e-01
-4.546638e-01 -1.240995e-01 1.779895e-01
-2.793078e-01 -3.176256e-01 -1.050753e-01
8.675831e-01 6.123124e-02 6.821660e-02
-5.719508e-01 8.063164e-02 5.857740e-02
5.508930e-01 -1.217304e-01 1.408359e-01
8.691794e-01 -1.997996e-02 -8.563425e-02
3.519169e-01 -7.603572e-02 1.689095e-01
3.772249e-01 -3.008282e-01 4.759605e-02
-1.839937e-01 -3.147481e-01 -1.206729e-01
-9.590895e-02 -1.412731e-01 1.842123e-01
-9.748344e-01 2.845290e-01 -1.227980e-01
-4.096300e-01 -3.417846e-01 -1.854629e-02
5.216195e-01 1.002964e-01 7.514095e-02
5.423061e-02 -6.609139e-03 8.503434e-02
5.482188e-01 4.351885e-03 -1.754577e-01
-4.753250e-01 -1.779590e-01 1.745629e-01
2.150567e-01 -2.495920e-01 -1.667946e-01
3.407322e-01 -2.779097e-01 -1.093153e-01
3.013925e-01 -6.934522e-02 1.698552e-01
1.988896e-01 -2.066528e-01 -1.790266e-01
2.814532e-01 -1.044449e-01 1.735766e-01
3.827257e-01 -7.099243e-02 1.671607e-01
8.754023e-01 1.341556e-01 -1.486550e-01
3.553130e-01 -3.025974e-01 6.003142e-02
1.931549e-01 -1.354367e-01 1.775421e-01
7.390554e-02 -3.421709e-01 -7.097210e-02
4.953151e-01 1.125386e-01 -6.569495e-02
-8.453104e-02 -2.447826e-01 1.771659e-01
-8.957889e-01 2.902332e-01 -6.019410e-02
-8.209022e-01 -1.007031e-01 1.520104e-02
5.872331e-01 3.035126e-02 1.374602e-01
5.948489e-01 6.633554e-02 -1.653304e-01
-1.097678e-01 -3.785111e-01 -6.609150e-03
-8.594081e-01 1.260721e-01 -1.511157e-01
4.152020e-01 -2.517883e-01 1.174090e-01
3.814140e-01 5.723525e-02 8.086549e-02
-5.839184e-01 -2.503241e-01 1.133418e-01
-1.240334e-01 -2.216099e-01 -1.788538e-01
-6.335989e-01 -1.022181e-01 -1.806230e-01
6.308687e-02 -3.649268e-01 3.972608e-02
-9.315801e-01 1.946344e-01 -1.062853e-01
-5.098858e-01 -2.611122e-02 -1.595957e-01
5.333736e-01 -1.218625e-01 -1.831751e-01
-6.966807e-01 -5.257832e-02 -1.817415e-01
3.713783e-01 6.940626e-02 5.408318e-02
-2.558758e-02 -3.485767e-01 -7.176520e-02
1.582993e-01 6.202504e-04 -9.439900e-02
-7.963873e-01 -1.010691e-01 8.200430e-02
-1.096255e-01 -5.400183e-02 1.440795e-01
1.335556e-02 -1.175412e-01 -1.581925e-01
4.041800e-01 -1.989354e-01 1.509937e-01
-2.693737e-01 -2.547064e-02 1.247604e-01
-9.798065e-01 3.541081e-01 -8.317361e-02
-1.043890e-01 -3.625881e-01 -4.971098e-02
3.868539e-01 -2.861457e-01 7.557817e-02
-1.300121e-01 -1.861340e-01 -1.762609e-01
-6.339751e-01 -2.516459e-01 -3.920751e-02
-1.989812e-01 -2.276496e-01 1.811009e-01
7.239917e-01 1.845071e-01 3.949221e-02
5.818950e-01 1.525271e-04 1.424628e-01
-7.881411e-01 -1.301494e-01 5.116499e-02
-4.872519e-01 -2.154786e-01 -1.679741e-01
4.020244e-01 -2.997503e-01 -2.852102e-02
4.266409e-01 7.089077e-02 7.812015e-02
-6.392421e-01 -1.690722e-01 -1.459097e-01
9.641886e-01 2.089712e-01 -4.651825e-02
7.099752e-02 -5.714372e-02 1.491533e-01
-5.247208e-01 8.380403e-02 -2.401663e-02
-2.735426e-01 -1.259907e-01 1.850460e-01
2.278377e-01 -5.306638e-02 1.567995e-01
5.474867e-01 -5.260883e-02 -1.835107e-01
-7.654972e-01 7.836419e-02 -1.744816e-01
-1.565606e-01 -2.223623e-01 1.818431e-01
-7.086382e-01 -1.618733e-01 -1.029909e-01
3.660605e-01 -1.567284e-01 -1.836022e-01
-2.004607e-02 -5.574055e-02 1.450759e-01
-3.903313e-01 -1.943090e-02 1.384871e-01
2.342232e-01 -2.731307e-01 -1.426356e-01
6.259221e-01 1.107490e-01 -1.512275e-01
-7.948011e-01 -1.275464e-01 -5.211061e-02
3.665892e-01 -4.166813e-02 -1.650457e-01
-3.029584e-01 -2.652709e-01 1.687265e-01
-8.638820e-01 2.888809e-01 -1.159143e-01
-8.383503e-01 1.040789e-01 -1.611514e-01
2.721292e-01 5.094131e-02 9.700198e-03
-9.662730e-01 2.637661e-01 -1.382329e-01
4.251768e-01 -2.383259e-01 -1.310137e-01
2.214624e-01 2.758559e-02 -5.762162e-02
-1.791944e-01 -3.685465e-01 -3.339146e-02
-5.627996e-01 -1.746951e-01 1.645373e-01
-7.184095e-01 -1.313695e-02 1.257874e-01
-6.522774e-01 -3.967523e-02 -1.847817e-01
-8.344967e-01 1.384872e-02 -1.422492e-01
5.936999e-01 1.581519e-01 -4.744353e-02
1.573485e-02 -2.142483e-01 1.802773e-01
7.103463e-01 -1.523867e-01 2.558250e-02
-6.250883e-01 -1.874558e-01 -1.354672e-01
-6.819880e-01 1.445980e-01 -1.094069e-02
3.072289e-01 -3.011129e-01 9.216206e-02
3.886943e-01 8.323463e-02 2.401663e-02
9.888813e-02 -9.394143e-02 1.741257e-01
-1.270533e-01 -3.521558e-01 -6.788105e-02
-7.418669e-01 -1.123454e-01 1.244452e-01
-6.667463e-01 1.288683e-01 -1.177547e-01
-2.678485e-01 -2.308423e-01 1.784776e-01
3.285612e-01 5.694175e-04 -1.393819e-01
5.661550e-01 1.017199e-01 8.584777e-02
-5.628911e-01 -2.524797e-01 -9.165366e-02
2.442284e-01 -1.826667e-01 -1.801553e-01
6.464511e-01 3.323895e-02 1.329049e-01
-4.261886e-02 -2.987334e-02 1.146230e-01
1.343843e-01 -3.209505e-01 1.163312e-01
2.845849e-01 -2.710158e-01 1.402360e-01
4.129142e-01 -3.335078e-02 1.599008e-01
6.753891e-01 -1.771964e-01 -4.318317e-02
-5.037037e-01 -7.682881e-02 -1.752645e-01
4.609780e-01 -2.449147e-01 -1.040687e-01
7.645516e-01 2.015893e-01 -1.044856e-01
2.592363e-01 -1.983253e-01 1.669471e-01
9.541935e-01 1.257467e-01 -1.233166e-01
7.216429e-01 9.681898e-02 -1.636832e-01
7.659547e-01 2.173292e-01 -4.486088e-02
2.250415e-01 -3.442857e-02 -1.396463e-01
-8.216139e-01 1.514207e-01 -1.571351e-01
-5.326212e-01 8.172978e-02 2.220674e-02
7.049268e-01 1.900182e-01 2.319303e-02
4.079421e-01 -1.956105e-01 -1.734749e-01
1.585687e-02 6.436309e-03 1.367586e-02
6.034103e-01 -1.166261e-01 -1.698653e-01
6.972196e-01 1.693366e-01 -1.262754e-01
-8.738059e-01 2.925312e-01 -9.527344e-02
7.652886e-02 -2.830140e-01 -1.521731e-01
3.624407e-01 -2.417830e-01 -1.485025e-01
-8.894848e-01 2.429219e-01 -1.672217e-01
5.880567e-01 -2.263074e-01 -5.287320e-03
-5.267340e-01 -2.777673e-01 -7.537481e-02
-6.774430e-01 6.259375e-02 -1.691231e-01
-9.012389e-01 3.560502e-01 -1.047601e-01
7.086533e-02 -3.283527e-01 1.163414e-01
3.476362e-01 -3.166088e-01 -2.425050e-02
5.097739e-01 1.001337e-01 -1.178056e-01
-6.840471e-02 -1.535560e-01 1.849342e-01
-2.272785e-01 -3.513932e-01 -6.139392e-02
8.392959e-01 1.774506e-01 5.581173e-02
4.106671e-01 1.864799e-02 1.262144e-01
-3.778248e-01 -2.027484e-01 1.785894e-01
4.125177e-01 -9.954385e-03 -1.609074e-01
-4.427571e-01 3.524203e-02 7.933013e-02
-1.698552e-02 -5.848588e-02 -1.283599e-01
1.331642e-01 8.754594e-03 -5.868925e-02
4.904548e-01 -2.070189e-01 -1.388837e-01
-8.632059e-02 -1.372364e-01 -1.651271e-01
