3.021881e-01 -2.331013e-01 -3.213466e-01
-7.969821e-01 5.938246e-01 3.735262e-01
4.875454e-01 8.653550e-01 3.664515e-01
-7.060105e-01 -6.990187e-01 3.569410e-01
9.975194e-01 -7.158443e-03 3.666994e-01
2.732397e-01 -9.518774e-01 3.647445e-01
-1.536034e-01 6.589364e-01 -3.716340e-01
-7.871445e-01 -4.602255e-02 -3.162732e-01
6.191998e-01 4.880958e-01 -3.160402e-01
-3.201667e-01 -7.171243e-01 -3.198889e-01
-9.976522e-01 -6.804933e-02 3.571575e-01
-2.207374e-01 9.666795e-01 3.765983e-01
7.297316e-01 -5.748676e-01 1.021404e-01
-2.114165e-01 6.222608e-02 -3.432083e-01
8.462226e-01 -3.195535e-02 -1.955452e-01
2.881059e-01 -7.917481e-01 -2.038923e-01
-6.862516e-01 5.077023e-01 -1.737148e-01
-2.446587e-01 -9.214236e-01 2.045749e-01
8.006606e-01 4.625809e-01 2.157163e-01
2.456236e-01 8.108395e-01 -8.378493e-02
-6.864174e-01 -4.772321e-01 -1.118996e-01
1.875282e-01 3.118308e-01 -3.172977e-01
-4.276847e-01 7.978058e-01 2.172225e-02
6.822401e-01 -4.299899e-01 -2.972207e-01
-8.667297e-01 2.531918e-01 1.247625e-01
-9.176253e-02 -3.699844e-01 -3.221844e-01
5.176572e-01 1.016743e-01 -3.532625e-01
-4.714814e-01 -2.586490e-01 -3.561957e-01
-8.732219e-01 -3.926959e-01 2.121932e-01
9.185838e-01 -3.897911e-01 3.632241e-01
1.390382e-01 9.258295e-01 2.624178e-01
5.978264e-01 6.778769e-01 1.508143e-02
-4.020653e-01 3.863038e-01 -3.504697e-01
6.109109e-01 -7.824541e-01 3.643875e-01
-4.861131e-01 -7.571395e-01 5.958282e-03
-9.028184e-01 -7.832859e-02 1.802944e-02
-2.734133e-02 -8.506694e-01 -6.409548e-02
-1.032983e-01 8.724640e-01 -8.108530e-02
-5.449074e-01 8.305297e-01 3.654270e-01
8.128625e-01 3.260981e-01 -9.281519e-02
2.225521e-01 6.391132e-01 -3.721611e-01
3.474928e-02 -6.699658e-01 -3.796555e-01
4.151663e-01 -8.291945e-01 9.993719e-02
8.856568e-01 -1.497988e-01 1.006043e-01
3.934106e-01 -5.329154e-01 -3.812535e-01
-6.982861e-01 2.520239e-01 -3.450393e-01
8.851680e-02 2.196033e-02 -3.165375e-01
-4.570647e-01 6.931284e-01 -2.582286e-01
9.230448e-01 1.741457e-01 1.398438e-01
5.453734e-01 -6.583852e-01 -1.613174e-01
7.126356e-01 6.892065e-01 3.733096e-01
-5.038245e-01 4.403728e-02 -3.506564e-01
-6.551227e-01 6.071242e-01 9.093801e-02
-4.790713e-01 -8.695591e-01 3.553579e-01
4.070861e-02 -9.245943e-01 2.070272e-01
6.494624e-01 -1.425736e-01 -3.799184e-01
-7.673083e-02 3.863038e-01 -3.432710e-01
-9.752633e-01 2.076701e-01 3.691816e-01
-5.194553e-01 -5.183150e-01 -3.512149e-01
4.337767e-01 6.830324e-01 -2.199519e-01
8.146278e-01 -3.329054e-01 -7.570126e-02
9.289203e-01 3.015675e-01 3.741788e-01
6.426308e-02 8.193151e-01 -2.746137e-01
7.544176e-01 2.165803e-01 -3.198576e-01
-7.455611e-01 -2.963940e-01 -3.017191e-01
-8.211184e-01 2.797087e-01 -1.247467e-01
3.837223e-01 8.154947e-01 1.245298e-01
-2.274462e-01 9.055538e-01 1.346615e-01
-6.551884e-01 -6.183865e-01 1.266244e-01
1.660891e-01 -4.501984e-01 -3.265454e-01
7.759747e-01 -5.892350e-01 3.666696e-01
-8.039895e-01 -2.754194e-01 -6.712099e-02
-2.786162e-01 -7.946351e-01 -9.137218e-02
4.384215e-01 3.427013e-01 -3.247293e-01
-8.946524e-02 -1.335959e-01 -3.175456e-01
2.067390e-01 -8.782199e-01 1.041128e-02
-2.908853e-01 -4.871265e-01 -3.575921e-01
-1.257709e-01 -8.160443e-01 -2.603538e-01
-1.026991e-01 -9.812126e-01 3.666069e-01
-7.930542e-01 4.664521e-01 1.905032e-01
-2.712593e-01 7.730765e-01 -1.872593e-01
3.057844e-01 1.350483e-01 -3.173126e-01
-1.945106e-02 9.274141e-01 1.107207e-01
6.822057e-01 -4.932513e-01 -9.652338e-02
-8.885869e-01 3.977186e-01 3.759008e-01
7.895252e-01 -2.456825e-01 -2.618443e-01
-5.430928e-01 -6.188704e-01 -1.585245e-01
-8.367508e-01 7.532551e-02 -1.042037e-01
8.958211e-02 -8.232370e-01 -2.538377e-01
5.558443e-01 -6.874038e-01 5.064358e-02
-9.566693e-01 -2.689108e-01 3.682198e-01
8.302243e-01 -3.609398e-01 1.269346e-01
7.592446e-01 4.931019e-01 1.894495e-02
5.198049e-01 -3.134482e-01 -3.332004e-01
8.657485e-01 4.395380e-02 -8.874787e-03
-5.492520e-01 6.435683e-01 -8.558474e-02
3.716291e-02 5.521069e-01 -3.491673e-01
-8.367000e-01 -5.105220e-01 3.702525e-01
2.310919e-01 -6.532297e-01 -3.369864e-01
2.985933e-01 9.357911e-01 3.806173e-01
-9.492795e-01 8.615527e-02 1.898042e-01
-3.417730e-01 5.808581e-01 -3.720686e-01
-9.107100e-01 -1.649010e-01 2.073214e-01
1.118882e-01 -1.875453e-01 -3.442642e-01
-5.464218e-01 7.388009e-01 1.912783e-01
-2.884718e-01 -1.965227e-01 -3.208194e-01
-5.458722e-01 5.141766e-01 -3.087325e-01
3.874172e-01 -4.300211e-02 -3.470108e-01
9.290711e-01 -2.093219e-01 2.971430e-01
-7.696153e-01 4.087316e-01 8.921670e-03
-3.584688e-01 8.675743e-01 2.695254e-01
-1.439691e-03 9.779927e-01 3.820600e-01
-6.150553e-01 -1.181438e-01 -3.602610e-01
-8.814109e-03 1.868120e-01 -3.157146e-01
4.211761e-01 5.264919e-01 -3.738368e-01
5.494358e-01 7.346131e-01 1.905808e-01
-3.582029e-01 1.796358e-01 -3.189107e-01
7.069425e-01 3.015378e-02 -3.308736e-01
4.424330e-01 -8.654550e-01 3.652881e-01
-1.293830e-01 -5.805071e-01 -3.601371e-01
5.818625e-01 5.865991e-01 -1.605885e-01
-7.694495e-01 -4.390524e-01 6.699732e-02
-4.656537e-01 -7.891450e-01 1.847771e-01
7.356843e-02 8.539745e-01 -4.645404e-02
7.210590e-01 4.575583e-01 -1.702395e-01
4.427989e-01 7.645159e-01 -6.228013e-02
4.171482e-01 -7.001866e-01 -2.835194e-01
6.958234e-01 6.039863e-01 2.044987e-01
2.519828e-01 7.824706e-01 -2.737131e-01
9.291140e-02 -9.866026e-01 3.636438e-01
6.604336e-01 -6.647938e-01 2.428844e-01
4.231236e-01 -7.422717e-01 -5.259827e-02
6.080135e-01 3.164367e-01 -3.613005e-01
-3.137237e-01 -9.401460e-01 3.644503e-01
9.464165e-01 1.852544e-03 1.637532e-01
8.113480e-01 5.322494e-01 3.751093e-01
8.626689e-01 3.443531e-01 1.038472e-01
2.873234e-01 -8.805393e-01 2.055994e-01
-2.087193e-01 2.770877e-01 -3.168780e-01
-5.241493e-01 2.252754e-01 -3.261407e-01
8.086851e-01 1.444430e-01 -1.732026e-01
-6.776610e-01 7.164239e-01 3.786787e-01
5.569599e-01 -5.718299e-01 -3.082666e-01
-1.471946e-01 -8.757676e-01 7.242781e-02
2.519828e-01 4.728771e-01 -3.495855e-01
-1.116548e-01 7.953699e-01 -2.417509e-01
2.030426e-01 8.760021e-01 1.130481e-01
-4.219422e-01 -7.350955e-01 -1.816737e-01
8.371661e-01 -1.658523e-01 -5.900625e-02
-6.690047e-01 8.755705e-02 -3.335738e-01
-8.261963e-01 -1.056284e-01 -1.269654e-01
-2.275298e-01 4.657352e-01 -3.477709e-01
-6.028370e-01 -3.790125e-01 -3.313545e-01
-8.158927e-01 1.055956e-01 -2.716969e-01
-3.709872e-01 -5.928865e-02 -3.210523e-01
-3.381603e-01 -8.271245e-01 9.658580e-02
-2.562437e-01 8.494358e-01 -4.788153e-02
9.795587e-01 1.496330e-01 3.713084e-01
8.008443e-01 -4.786837e-01 2.276941e-01
-5.697770e-01 3.688329e-01 -3.714936e-01
-7.440139e-01 3.711687e-01 -2.531238e-01
-8.782161e-01 1.007564e-01 5.121768e-02
5.113487e-01 -7.855068e-01 2.444660e-01
3.366131e-01 -3.799803e-01 -3.557298e-01
2.407129e-01 -6.691279e-03 -3.172664e-01
-6.465993e-01 -5.167961e-01 -2.546442e-01
-7.927376e-01 -5.414597e-01 2.278808e-01
5.545729e-02 -3.317539e-01 -3.204624e-01
3.421029e-03 6.986349e-01 -3.531699e-01
3.376716e-02 -5.153445e-01 -3.552489e-01
-6.003235e-01 -7.507488e-01 2.370509e-01
6.885750e-02 4.098995e-01 -3.167705e-01
-6.958726e-01 6.655958e-01 2.418748e-01
1.390382e-01 -8.257400e-01 -1.089670e-01
-3.354302e-01 -3.318705e-01 -3.513538e-01
-3.036203e-01 7.207789e-01 -3.198113e-01
-8.406115e-01 -3.078745e-01 9.861844e-02
8.730562e-01 2.342020e-01 9.557898e-03
4.761247e-01 -1.764815e-01 -3.531550e-01
5.981251e-01 7.807516e-01 3.258629e-01
-6.646008e-02 5.476698e-02 -3.168467e-01
-8.994894e-01 2.732166e-01 2.628211e-01
-6.733507e-01 5.349018e-01 -3.376220e-02
7.394857e-01 3.517294e-01 -2.784609e-01
-4.162311e-01 -6.094092e-01 -3.193767e-01
5.448911e-01 -5.281406e-02 -3.543647e-01
-9.580750e-02 -9.275977e-01 2.376557e-01
7.306800e-01 -3.699844e-01 -1.808672e-01
-3.634466e-01 8.593153e-01 1.310153e-01
7.602780e-01 -1.141890e-01 -2.953419e-01
7.656367e-01 -4.232662e-01 1.747087e-02
6.123253e-01 -5.997806e-01 -4.347498e-02
-1.831507e-01 -7.086965e-01 -3.233957e-01
-9.570531e-01 7.722777e-02 3.315725e-01
-3.708035e-01 -8.628190e-01 2.670103e-01
6.437200e-01 1.582266e-01 -3.749540e-01
7.812940e-02 -8.808066e-01 5.565529e-02
1.870129e-01 -3.091096e-01 -3.471496e-01
-5.702595e-01 7.068625e-01 3.262982e-02
-2.821470e-03 9.338390e-01 2.539467e-01
-6.083301e-01 -6.639261e-01 8.130418e-03
8.862736e-01 2.974291e-01 2.461880e-01
4.457291e-01 8.179814e-01 2.472290e-01
6.764633e-01 -2.902364e-01 -3.204475e-01
-1.069439e-01 5.347361e-01 -3.483295e-01
3.240946e-01 8.777196e-01 2.618443e-01
1.251719e-01 1.917182e-01 -3.156997e-01
-7.400680e-01 -3.500761e-01 -1.792378e-01
5.462397e-01 -4.496473e-01 -3.603536e-01
-9.408562e-01 -4.909287e-02 1.490137e-01
6.646109e-01 5.846799e-01 -5.680305e-02
3.404081e-01 6.576355e-01 -3.139777e-01
8.972597e-01 4.286055e-01 3.546903e-01
-1.552508e-01 -8.158113e-01 -1.322718e-01
-6.200988e-01 -2.576976e-01 -3.783054e-01
-2.558614e-01 -6.112790e-01 -3.807876e-01
-6.050668e-01 -7.868256e-01 3.627895e-01
-1.298659e-01 9.180021e-01 2.274298e-01
3.202997e-01 -8.169628e-01 -7.934747e-02
8.779160e-01 -3.273989e-01 2.425111e-01
-4.249217e-01 8.953756e-01 3.769553e-01
-8.167738e-01 -1.525020e-01 -2.491526e-01
1.601465e-01 -9.253619e-01 2.560720e-01
4.973159e-01 5.941740e-01 -2.884688e-01
7.085734e-01 -6.986856e-01 3.628059e-01
1.427170e-01 9.749385e-01 3.809743e-01
3.199830e-01 8.457812e-01 1.792086e-02
-7.024649e-01 -5.681096e-01 1.900693e-02
5.228844e-01 4.243505e-01 -3.749226e-01
-9.173172e-01 -3.902093e-01 3.620293e-01
-1.530617e-02 8.275084e-01 -1.609918e-01
-6.971376e-01 -6.236093e-01 2.551878e-01
-5.409616e-01 6.065402e-01 -2.065926e-01
6.256084e-01 -5.680753e-01 -1.973299e-01
-1.700397e-02 -7.736769e-01 -3.303150e-01
9.687055e-01 8.158309e-02 2.586483e-01
3.417731e-01 7.573232e-01 -1.446223e-01
-4.896079e-01 -1.173261e-01 -3.519288e-01
-5.502511e-01 -7.076959e-01 1.096191e-01
1.339611e-01 7.104828e-01 -3.215019e-01
-2.303436e-01 -5.773676e-02 -3.174829e-01
1.664550e-01 8.374715e-01 -1.753741e-01
-4.477766e-01 7.093985e-01 -1.124271e-01
-8.428263e-01 3.910606e-01 1.067487e-01
1.303821e-01 -7.392011e-01 -3.453649e-01
-4.773732e-01 8.392905e-01 2.580748e-01
-4.406019e-01 5.081369e-01 -3.729213e-01
-8.405293e-01 1.771163e-01 -3.765663e-02
4.983807e-01 7.301745e-01 6.130293e-02
-7.574643e-01 2.327011e-01 -2.408518e-01
-2.384566e-02 -8.429436e-01 -2.007276e-01
-8.495515e-01 -1.955878e-01 1.140430e-02
9.013384e-01 -7.028538e-02 8.083821e-03
-2.302091e-01 -7.730093e-01 -2.161808e-01
4.226741e-01 -8.703940e-01 2.472589e-01
9.453009e-01 -7.479095e-02 2.827756e-01
-1.642565e-01 -2.270766e-01 -3.188957e-01
-8.983080e-01 -2.786722e-01 2.641563e-01
-7.299481e-01 5.138271e-01 8.722981e-02
-8.476697e-01 -7.492239e-03 -1.918682e-01
8.161421e-01 4.548911e-02 -2.811462e-01
1.426504e-01 -5.632871e-01 -3.595471e-01
8.663638e-01 -4.966893e-01 3.599653e-01
4.904742e-01 2.358539e-01 -3.252730e-01
2.784505e-01 -4.831060e-01 -3.576847e-01
8.645164e-01 -2.617525e-01 4.468673e-03
-1.047632e-01 8.726313e-01 3.697424e-02
-3.402586e-01 7.754452e-01 -8.339707e-02
6.374443e-01 6.853697e-01 2.644191e-01
6.786438e-01 5.795065e-01 9.196210e-02
-4.520540e-01 -4.250674e-01 -3.333408e-01
1.489926e-01 -7.392323e-02 -3.423705e-01
9.670666e-02 9.196210e-01 9.823043e-02
-8.949855e-02 2.745517e-01 -3.156832e-01
9.011876e-01 -2.709464e-01 1.433814e-01
8.342209e-01 -1.765487e-01 -1.736521e-01
3.002913e-01 2.889027e-01 -3.185224e-01
-7.590951e-01 -5.950746e-01 3.660318e-01
-9.409727e-01 -1.291541e-02 2.623566e-01
-8.146441e-01 4.866934e-01 3.012083e-01
-2.323732e-01 5.778875e-01 -3.258928e-01
4.092073e-01 -2.729985e-01 -3.262811e-01
6.374279e-01 6.845677e-01 1.374854e-01
-6.824222e-01 -2.593135e-02 -3.628522e-01
-2.587752e-01 -8.321815e-01 1.458499e-02
5.187729e-01 -7.739607e-01 1.151272e-01
-2.507178e-01 9.073236e-01 2.843109e-01
-4.423736e-02 -8.986449e-01 1.144599e-01
5.307253e-01 6.981674e-01 -8.712095e-02
3.561883e-01 4.156076e-01 -3.501127e-01
-5.198377e-01 -5.952926e-01 -2.660022e-01
9.872994e-01 -1.423232e-01 3.660946e-01
-7.271508e-01 -1.446428e-01 -3.161806e-01
-5.112979e-01 -7.062607e-01 -9.585624e-02
-8.480864e-01 3.193894e-01 2.093099e-02
8.173235e-01 3.859035e-01 1.051986e-02
-6.719514e-01 4.430908e-01 -2.992369e-01
8.401291e-01 1.396372e-01 -6.615904e-02
-1.142350e-01 1.622979e-01 -3.421539e-01
8.452563e-01 -4.009861e-02 -8.305581e-02
-8.546787e-01 3.690166e-01 2.291996e-01
3.093793e-01 -8.320978e-01 6.736965e-02
-1.372471e-02 -2.143610e-01 -3.180265e-01
5.958546e-02 2.769040e-01 -3.419209e-01
1.788226e-01 8.161639e-02 -3.418432e-01
7.756580e-01 -5.832282e-01 2.534972e-01
-2.076365e-01 -9.350398e-01 3.339307e-01
4.279013e-01 -7.338619e-01 -1.788659e-01
1.535542e-01 -8.969438e-01 1.495875e-01
-7.488408e-01 5.683605e-01 2.697568e-01
9.492452e-01 2.097222e-01 2.623566e-01
-4.088906e-01 -7.743773e-01 -8.072835e-02
2.807983e-01 -7.462265e-01 -3.091358e-01
2.166438e-01 -1.659360e-01 -3.183835e-01
-1.131030e-01 9.817980e-01 3.803843e-01
4.828499e-01 -6.177189e-01 -2.433489e-01
-7.492904e-01 3.865711e-01 -9.545285e-02
-3.189510e-01 9.185532e-01 3.813775e-01
-6.415887e-01 -5.653048e-01 -1.578420e-01
7.794037e-01 2.481020e-01 -1.827445e-01
1.475777e-01 4.837572e-01 -3.209284e-01
-7.881436e-01 -2.355865e-01 -1.656619e-01
3.675254e-01 -6.332722e-01 -3.535881e-01
-7.139334e-01 -4.177597e-01 -2.578253e-01
-4.692829e-01 8.034632e-01 1.200147e-01
-1.882943e-01 -4.050605e-01 -3.513075e-01
7.727457e-01 -4.653678e-01 1.150031e-01
9.547562e-01 -2.865997e-01 3.654733e-01
-8.794303e-01 -2.905185e-02 -7.660123e-02
-4.333779e-01 6.053215e-01 -3.121466e-01
-8.089245e-02 -6.741386e-01 -3.676463e-01
-2.190229e-01 7.783321e-01 -2.939768e-01
-6.246763e-01 7.496138e-01 2.937603e-01
7.570477e-01 6.214408e-01 3.060487e-01
9.180835e-01 9.016022e-02 7.689634e-02
5.747385e-01 -2.242733e-01 -3.336515e-01
7.839320e-01 -2.651397e-01 -1.501296e-01
-3.808757e-01 8.169988e-02 -3.460639e-01
-3.034530e-01 3.993032e-01 -3.209433e-01
-9.474485e-01 3.136155e-01 3.622623e-01
-3.155712e-01 8.189491e-01 3.129553e-02
-9.507939e-01 -1.599112e-01 3.488881e-01
7.303634e-01 -2.024967e-01 -3.401362e-01
6.087961e-01 4.789199e-02 -3.581193e-01
-8.868560e-01 -1.431577e-01 1.092467e-01
-8.122471e-01 1.674384e-01 -1.436913e-01
-7.676006e-01 -4.296061e-01 -7.086040e-02
2.988919e-01 5.729650e-01 -3.545036e-01
-5.811635e-01 1.358326e-01 -3.547366e-01
7.803028e-01 4.403368e-01 1.039713e-01
-9.358783e-01 1.872287e-01 1.972986e-01
3.480816e-01 7.573575e-01 -2.497112e-01
-4.646397e-01 -6.832833e-01 -2.586169e-01
5.208712e-01 -7.142867e-01 -5.781161e-02
-9.363416e-03 -7.083604e-02 -3.169094e-01
1.871623e-01 8.835771e-01 1.323517e-02
-8.309575e-01 -3.518280e-01 8.192547e-03
-5.792652e-01 -2.272751e-02 -3.556058e-01
-6.832456e-02 7.653507e-01 -3.295862e-01
6.884157e-01 -5.399752e-01 1.764158e-02
4.523050e-01 3.228962e-02 -3.223860e-01
-3.884163e-01 -2.021636e-01 -3.229909e-01
-4.874109e-01 4.326618e-01 -3.268232e-01
-2.189392e-01 8.541747e-01 4.934036e-02
6.175196e-01 -6.613229e-01 1.242659e-01
-1.854148e-01 8.085529e-01 -1.519771e-01
-3.816911e-01 -5.357366e-01 -3.758844e-01
-7.356234e-01 -5.169963e-01 1.176717e-01
-3.241946e-01 -7.818523e-01 -1.866545e-01
7.686999e-01 3.709522e-01 -1.723647e-01
4.255536e-01 -4.223985e-01 -3.612064e-01
6.272572e-01 5.108730e-01 -2.208047e-01
-2.143188e-02 -4.384177e-01 -3.242634e-01
-6.126075e-01 5.228374e-01 -2.367552e-01
9.160194e-01 -1.581758e-01 2.147844e-01
4.687677e-01 7.777646e-01 1.531091e-01
4.143344e-01 1.754645e-01 -3.208970e-01
2.954910e-03 9.044860e-01 1.899139e-02
4.092909e-01 8.095536e-01 2.957324e-02
7.010999e-01 -4.756131e-01 -1.899431e-01
3.071151e-01 8.907697e-01 1.673376e-01
6.500285e-01 -4.735744e-02 -3.621996e-01
-3.539913e-01 2.763872e-01 -3.197022e-01
3.913630e-01 9.084407e-01 3.766924e-01
8.341029e-01 4.805881e-02 -1.212090e-01
6.152883e-01 -4.937351e-01 -2.689653e-01
5.868403e-01 -7.148542e-01 1.985247e-01
-1.281512e-01 8.925052e-01 1.284242e-01
8.083178e-01 1.414227e-01 -2.752335e-01
2.541469e-01 7.805515e-01 -1.767392e-01
-3.946740e-01 -7.802005e-01 2.482542e-02
-6.111767e-01 2.919569e-01 -3.316965e-01
5.336211e-01 5.222534e-01 -3.425109e-01
1.031245e-02 -9.754059e-01 2.824187e-01
7.607769e-01 5.337503e-01 1.098053e-01
-6.121579e-01 6.073735e-01 -2.178394e-02
-6.027205e-01 6.744552e-01 1.338858e-01
2.516841e-01 -8.948738e-01 1.099449e-01
8.714581e-01 2.644064e-01 1.545533e-01
-1.394208e-01 -4.826041e-01 -3.272742e-01
-8.022750e-01 -4.341627e-01 1.658635e-01
5.058228e-01 6.491913e-01 -1.695719e-01
5.371667e-01 -8.352177e-01 3.389578e-01
3.564556e-01 -9.037183e-01 3.651940e-01
7.125027e-01 4.690224e-01 -5.891321e-02
-5.285775e-01 6.067403e-01 -2.995162e-01
3.619651e-01 -1.329452e-01 -3.475529e-01
2.879551e-01 -5.758683e-01 -3.642008e-01
1.709325e-01 -7.850230e-01 -2.282363e-01
-7.502895e-01 1.758483e-01 -3.303001e-01
-2.507750e-02 -5.872323e-01 -3.598563e-01
5.980186e-02 -8.521046e-01 -1.612711e-01
-4.803691e-01 -7.880443e-01 9.317242e-02
-6.257755e-01 -6.131966e-01 -8.035602e-02
3.640963e-01 4.722455e-02 -3.448064e-01
1.557676e-01 8.080183e-01 -2.729216e-01
-6.766633e-01 3.575690e-01 -3.330152e-01
-4.933371e-01 3.408658e-01 -3.269785e-01
2.383338e-01 -3.998707e-01 -3.519288e-01
-8.874713e-01 1.617647e-01 1.189131e-01
1.163827e-01 5.909869e-01 -3.246517e-01
-1.299157e-01 -5.142914e-02 -3.170961e-01
-3.902473e-01 -8.870479e-01 3.683288e-01
3.455023e-01 7.846735e-01 -4.496459e-02
5.788337e-01 6.231105e-01 -6.783474e-02
-8.353021e-01 -4.511169e-01 3.010530e-01
1.693837e-01 8.605489e-01 -8.738470e-02
-8.610280e-02 -8.969259e-01 8.425233e-03
-3.990937e-02 5.932406e-01 -3.243724e-01
2.270803e-01 9.067889e-01 2.515422e-01
1.386387e-01 -6.509432e-01 -3.818584e-01
7.574908e-02 -8.511877e-01 -4.965027e-02
-3.912629e-01 7.155054e-01 -2.004633e-01
2.508343e-01 3.762750e-01 -3.192064e-01
8.737222e-01 -4.175924e-01 2.443884e-01
-5.133454e-01 6.838179e-01 -1.690910e-01
-1.683845e-01 -8.964763e-01 1.633963e-01
8.910333e-01 3.855376e-01 2.640159e-01
5.805975e-01 2.194508e-01 -3.568633e-01
7.491904e-01 -3.939803e-01 -8.252816e-02
7.056775e-01 2.908547e-01 -3.350315e-01
-2.809047e-02 -3.116963e-01 -3.463581e-01
-5.947139e-01 -4.650332e-01 -3.078170e-01
4.363410e-01 4.484465e-01 -3.278328e-01
3.646788e-01 -8.222692e-01 -1.892709e-03
8.908511e-01 -1.395010e-02 7.638422e-02
-6.359791e-01 -6.655450e-01 1.997972e-01
7.797532e-01 5.481685e-01 2.022166e-01
-7.369556e-01 4.745453e-01 -9.009987e-02
6.870507e-01 4.512842e-01 -2.721315e-01
5.959626e-01 -3.098773e-01 -3.787400e-01
-3.029034e-01 8.673906e-01 1.953750e-01
-4.964331e-01 -3.527958e-01 -3.592977e-01
7.818515e-01 5.281781e-01 2.916499e-01
-3.103947e-01 -8.601814e-01 1.739314e-01
1.688685e-01 9.288657e-01 1.752352e-01
-3.788445e-01 6.733381e-01 -3.268546e-01
-1.250718e-01 -8.436619e-01 -5.411880e-02
5.909011e-01 5.682097e-01 -2.768315e-01
-2.246668e-01 -2.844132e-01 -3.473199e-01
7.081417e-01 -3.499103e-01 -2.641398e-01
7.250376e-01 -6.142316e-01 1.805267e-01
4.662213e-01 -7.926306e-02 -3.256598e-01
-7.853299e-01 3.192400e-01 -1.956378e-01
3.050182e-01 -6.633061e-02 -3.186314e-01
1.292591e-02 -8.991960e-01 2.019142e-04
-2.915578e-02 8.339334e-01 -2.471812e-01
3.763474e-01 2.564625e-01 -3.471810e-01
7.113807e-02 9.534964e-01 3.354660e-01
9.549156e-02 1.079152e-01 -3.414550e-01
-6.148551e-01 7.771314e-01 3.769717e-01
1.157759e-02 9.399819e-02 -3.163658e-01
-9.130563e-01 -2.283789e-01 1.474465e-01
-2.020449e-01 -1.402707e-01 -3.186314e-01
9.115584e-01 8.179994e-02 1.650571e-01
2.334561e-01 -8.163788e-01 -7.442895e-02
-3.425048e-01 -7.087145e-01 -2.365998e-01
-7.440975e-01 6.473065e-01 3.307496e-01
3.973385e-01 8.590644e-01 3.060024e-01
7.053280e-01 1.192957e-01 -3.285930e-01
1.786061e-01 -9.769741e-01 3.615335e-01
-7.014493e-01 5.806579e-01 1.579510e-01
7.781552e-01 4.042929e-01 -8.947932e-02
-8.685114e-01 9.128092e-03 -7.911090e-04
-7.570640e-01 -2.203021e-01 -2.644042e-01
-4.292991e-01 2.173480e-01 -3.475066e-01
-9.206477e-01 -1.390007e-02 7.103139e-02
-8.710250e-01 4.810375e-01 3.716026e-01
3.637287e-03 -9.771249e-01 3.673521e-01
-6.369947e-01 5.466661e-01 -1.098981e-01
9.348135e-01 -9.015958e-02 1.362752e-01
2.532314e-01 7.049091e-01 -3.087475e-01
-1.948701e-01 1.708750e-01 -3.168631e-01
-6.398906e-01 1.986928e-01 -3.759621e-01
-9.847085e-02 -7.391010e-01 -3.159312e-01
-7.528524e-01 7.632659e-02 -3.386009e-01
8.329887e-01 4.452594e-01 2.920218e-01
-4.853141e-01 7.439743e-01 -4.491799e-02
-4.503230e-01 -1.523495e-02 -3.226190e-01
7.703323e-01 -2.584786e-02 -3.315874e-01
6.982290e-02 8.324652e-01 -1.281600e-01
8.475876e-01 2.431794e-01 -7.031737e-02
8.084522e-01 -3.262967e-01 7.897732e-03
-5.301920e-01 7.784157e-01 2.814091e-01
-3.256254e-01 -5.939903e-01 -3.378407e-01
-8.489690e-01 -1.267376e-01 -3.618255e-02
-7.922552e-01 1.858967e-02 -2.635813e-01
5.583250e-01 -1.311597e-01 -3.287319e-01
3.527428e-01 5.146276e-01 -3.276312e-01
3.637287e-03 4.617968e-01 -3.188793e-01
-2.981436e-01 7.267217e-02 -3.439999e-01
2.103174e-01 5.715641e-01 -3.254283e-01
7.108804e-02 -9.298335e-01 1.222023e-01
2.079711e-01 1.879620e-01 -3.165525e-01
-5.441592e-01 7.519332e-01 1.094794e-01
-8.495415e-02 -2.565790e-01 -3.189107e-01
-3.041191e-01 4.970059e-01 -3.508430e-01
-7.244715e-01 -6.087416e-01 1.785239e-01
2.819468e-01 8.467326e-01 9.138799e-02
8.258976e-01 -9.745186e-02 -2.478324e-01
4.203607e-01 6.110954e-01 -3.136207e-01
-7.206587e-01 -4.877776e-01 1.155948e-02
-4.519375e-01 -8.288271e-01 2.887182e-01
-6.984355e-01 4.267207e-01 -1.840170e-01
-2.257316e-01 -5.306140e-01 -3.316188e-01
-2.494692e-01 6.590200e-01 -3.265290e-01
6.239611e-01 4.059955e-01 -3.135580e-01
-4.619096e-01 1.092000e-01 -3.236899e-01
9.607645e-01 7.197142e-02 3.397180e-01
-5.273290e-01 -4.299571e-01 -3.654121e-01
8.944888e-02 -4.359475e-01 -3.514479e-01
2.447260e-01 -9.185696e-01 2.957003e-01
8.598716e-01 -1.077477e-01 -1.265620e-01
-2.834118e-01 -4.058282e-01 -3.534641e-01
6.312359e-01 6.018506e-01 1.581070e-02
4.242886e-01 7.133368e-01 -1.446843e-01
5.823713e-02 7.614781e-01 -3.319130e-01
-1.526043e-01 3.361941e-01 -3.174829e-01
-1.823517e-01 -6.462536e-01 -3.790342e-01
-8.387476e-01 -3.969165e-01 1.033507e-01
4.471450e-01 -8.096372e-01 1.990669e-01
3.583195e-01 -7.179920e-01 -2.304093e-01
-9.970041e-01 1.708781e-02 3.683602e-01
8.865559e-01 -1.844075e-01 1.384019e-02
4.516225e-01 -4.968715e-01 -3.381498e-01
-1.468451e-01 4.615803e-01 -3.456606e-01
1.518990e-02 2.152885e-03 -3.440148e-01
-9.082786e-01 3.612579e-01 2.889975e-01
1.267366e-01 -3.708685e-01 -3.222307e-01
-6.565534e-01 -1.868269e-01 -3.630061e-01
-5.868059e-01 -5.446812e-01 -3.037980e-01
7.839649e-01 -1.699072e-01 -2.355917e-01
6.563041e-01 -3.637431e-01 -3.448377e-01
-2.777415e-02 8.524064e-01 -6.381619e-02
3.435548e-01 -9.068889e-01 2.558554e-01
-7.215312e-02 6.781277e-01 -3.689188e-01
-4.781557e-01 7.396686e-01 4.291684e-02
8.329051e-01 -5.182986e-01 2.907807e-01
6.393261e-01 7.104828e-01 3.400600e-01
8.601554e-01 1.560237e-01 1.809157e-02
-1.717807e-01 8.340334e-01 -6.780382e-02
6.433704e-01 -7.061934e-01 3.087325e-01
-3.382768e-01 -8.356015e-01 1.194734e-02
-3.957732e-01 8.306626e-01 1.978108e-01
-2.947803e-01 -8.888326e-01 2.569561e-01
8.214351e-01 2.941927e-01 1.505051e-02
8.655241e-02 6.712517e-01 -3.715712e-01
5.396803e-01 8.069176e-01 3.788027e-01
-3.938765e-01 4.642835e-01 -3.263737e-01
6.619401e-02 9.225243e-01 2.173756e-01
-5.364184e-01 -7.970053e-01 2.348315e-01
-5.749371e-01 4.315925e-01 -3.239841e-01
4.437323e-01 -7.859071e-01 9.775051e-03
-8.402292e-01 1.135888e-01 -1.940398e-01
-1.892426e-01 -8.800225e-01 5.896153e-03
-3.225801e-01 7.696549e-01 -2.469796e-01
4.607104e-01 -5.905030e-01 -3.138836e-01
2.201729e-01 9.431838e-01 3.799811e-01
3.381704e-02 -1.363660e-01 -3.172514e-01
-4.092908e-01 -1.313265e-01 -3.488716e-01
-5.595063e-01 -3.065737e-01 -3.606792e-01
-6.870998e-01 -5.461657e-01 -7.501858e-02
-2.745883e-01 -8.769683e-01 7.667903e-02
-4.187790e-01 7.751122e-01 -7.140344e-02
-2.435430e-01 -7.712066e-01 -2.930613e-01
-4.104722e-01 -3.109287e-01 -3.549845e-01
2.158269e-01 -5.293953e-01 -3.559314e-01
-5.271961e-01 -1.853932e-01 -3.551712e-01
-8.044227e-01 -8.583772e-02 -2.109521e-01
-6.919104e-01 -2.560951e-01 -3.487626e-01
-8.460224e-01 -2.180663e-01 -9.807497e-02
7.131853e-01 5.600492e-01 2.536846e-02
2.542634e-01 6.960184e-02 -3.174829e-01
5.517492e-01 -3.753072e-01 -3.808339e-01
-1.428333e-01 7.454425e-01 -3.346596e-01
9.600756e-02 8.734826e-01 3.644674e-02
9.623297e-01 2.421788e-01 3.386785e-01
2.073379e-01 -9.295333e-01 1.937306e-01
7.842143e-01 -5.373884e-01 1.810374e-01
1.655559e-01 4.091662e-01 -3.185388e-01
-1.594803e-01 -3.248286e-01 -3.474289e-01
-8.906674e-01 1.701417e-01 1.975173e-02
8.064703e-01 7.567588e-02 -2.115271e-01
7.473365e-02 -5.590126e-02 -3.425258e-01
-5.241165e-01 -8.086858e-01 3.655360e-01
-2.382337e-01 -8.501363e-01 -5.781161e-02
-2.601059e-01 2.102897e-01 -3.168780e-01
5.578590e-01 -6.368759e-01 -8.169031e-02
3.181356e-01 -7.669845e-01 -1.367558e-01
4.208102e-01 -3.420829e-01 -3.560867e-01
5.509502e-01 7.587420e-01 2.703931e-01
5.728831e-02 -7.852231e-01 -3.188494e-01
6.142728e-01 -6.596876e-01 3.289560e-03
-6.342153e-01 -7.179592e-01 3.408964e-01
-8.201536e-01 2.500211e-01 -4.397156e-02
-7.462601e-01 5.102054e-01 1.315751e-02
5.550453e-01 3.703189e-01 -3.324567e-01
-8.098993e-01 3.484423e-01 -7.053452e-02
-7.759074e-01 5.528745e-01 2.006963e-01
6.357298e-01 -2.186323e-01 -3.781650e-01
1.670375e-01 1.032961e-02 -3.165988e-01
3.626476e-01 -8.368860e-01 1.537916e-01
8.621029e-01 2.289300e-01 8.418876e-02
1.095743e-01 3.517294e-01 -3.422316e-01
7.498072e-01 2.628711e-01 -2.606495e-01
-1.134359e-01 9.433003e-01 3.156997e-01
1.772246e-01 -8.656879e-01 -5.788912e-02
4.899425e-01 -3.824655e-01 -3.336978e-01
-5.056062e-01 8.018113e-01 1.876625e-01
-4.337173e-02 -5.214514e-01 -3.285467e-01
8.389642e-01 -2.620198e-01 -8.013872e-02
-6.697873e-01 -3.685820e-01 -2.991592e-01
-3.524769e-01 7.766131e-01 -1.786180e-01
9.341639e-01 -2.389244e-01 2.285633e-01
-5.552782e-01 -7.140029e-01 2.384793e-02
9.584018e-01 -5.448289e-02 2.121782e-01
3.240946e-01 -3.065901e-01 -3.509670e-01
3.839553e-01 -7.827708e-01 -1.014885e-01
9.504281e-01 -2.118086e-01 3.685155e-01
-8.656319e-01 -2.920719e-01 1.669657e-01
-1.694001e-01 -9.164667e-01 2.393464e-01
-9.043343e-01 -3.220761e-01 3.350628e-01
-3.492136e-01 1.440117e-02 -3.450856e-01
-9.389579e-01 2.451345e-02 1.387266e-01
-4.466117e-01 -5.196667e-01 -3.368311e-01
-6.895298e-01 5.859315e-01 1.737782e-02
6.768292e-01 -6.315696e-01 9.160530e-02
-8.719076e-01 2.494715e-01 2.141190e-02
-8.473038e-01 3.283010e-01 1.454294e-01
-8.205767e-02 8.472837e-01 -1.855523e-01
-7.567474e-01 2.821611e-01 -2.955136e-01
-8.056383e-01 -1.616466e-01 -1.701140e-01
-4.959751e-02 -9.548973e-01 3.216572e-01
-2.008355e-02 -7.963212e-01 -2.573908e-01
5.600560e-01 -5.756009e-01 -2.296491e-01
-5.076702e-01 -6.786609e-01 -1.822322e-01
-6.069979e-01 5.995148e-01 -1.754055e-01
3.902802e-01 8.751179e-01 2.303003e-01
-2.723241e-01 3.010179e-01 -3.445121e-01
7.223568e-01 -6.174352e-01 2.904865e-01
5.461232e-01 5.959932e-01 -2.260483e-01
2.446095e-01 2.453330e-01 -3.434099e-01
-7.728443e-01 -3.576362e-01 -5.917696e-02
-9.002556e-01 9.041053e-02 1.268105e-01
-7.001500e-01 -4.179419e-01 -1.862661e-01
-9.868333e-01 1.357491e-01 3.694310e-01
-9.307855e-01 -1.633328e-01 2.789896e-01
6.769293e-01 3.600064e-01 -3.327509e-01
-5.955458e-01 -5.451636e-01 -2.118064e-01
-3.817568e-01 -6.794614e-01 -3.254895e-01
4.529875e-01 1.139224e-01 -3.231626e-01
9.112089e-01 1.703747e-01 2.111074e-01
-8.101487e-01 4.555227e-01 1.095105e-01
7.452625e-01 -3.085600e-01 -2.179192e-01
-6.369783e-01 -5.982289e-01 2.409615e-02
1.867292e-01 -8.023609e-01 -1.599209e-01
6.940253e-01 -5.506716e-01 -5.354470e-02
1.707324e-01 -7.826707e-01 -3.042177e-01
-7.481583e-01 -3.542818e-01 -2.570502e-01
-3.561389e-01 7.086637e-01 -2.655825e-01
7.019154e-01 3.962340e-01 -2.281586e-01
-6.279397e-01 -6.706677e-01 7.692740e-02
-8.306573e-01 -2.825105e-01 3.222643e-02
-3.057007e-01 -7.680867e-01 -2.573908e-01
-8.789479e-01 1.186283e-01 -5.301720e-02
-4.405426e-02 9.529288e-01 3.304240e-01
9.116357e-02 -6.059547e-01 -3.343175e-01
-7.545176e-01 -2.805077e-01 -2.260647e-01
4.797539e-01 -7.434396e-01 5.447603e-02
7.479598e-01 -5.038476e-01 2.265473e-03
7.490575e-01 6.217245e-01 3.768776e-01
-3.364622e-01 -1.215313e-01 -3.207417e-01
-8.133284e-01 5.225372e-01 3.713382e-01
-1.252618e-02 9.168341e-01 1.857076e-01
6.311522e-01 5.402261e-01 -1.393624e-01
-2.610886e-01 -6.924100e-01 -3.499425e-01
-9.053827e-01 -3.489246e-01 2.574848e-01
-9.254254e-01 1.328456e-01 2.410848e-01
5.404300e-01 1.630491e-01 -3.269173e-01
-4.557668e-01 -7.221469e-01 -4.727636e-02
7.076579e-01 -8.338465e-02 -3.308586e-01
6.695215e-01 7.886314e-02 -3.763340e-01
5.021936e-01 3.051564e-01 -3.270099e-01
-5.629354e-01 -6.377945e-01 -6.080621e-02
-7.681417e-02 4.570580e-01 -3.451170e-01
1.641072e-01 -2.266434e-01 -3.184462e-01
4.784560e-01 6.693833e-01 -2.721315e-01
6.383927e-01 -5.477846e-01 -9.993690e-02
2.198399e-01 -7.293396e-01 -3.391893e-01
6.458004e-01 2.277113e-01 -3.329376e-01
2.314085e-01 -7.924486e-01 -2.624955e-01
6.896971e-01 -4.159227e-01 -2.240784e-01
2.942651e-01 -1.351478e-01 -3.191287e-01
1.881614e-01 7.493136e-01 -2.910750e-01
-6.474147e-01 -4.947358e-01 -1.888111e-01
-2.033263e-01 7.863596e-01 -2.152817e-01
3.022209e-01 -6.436519e-01 -3.324253e-01
-7.352904e-01 -4.905973e-01 -5.621342e-02
5.894524e-01 -7.489626e-01 3.010679e-01
-2.262305e-01 7.234985e-01 -3.355288e-01
-8.942637e-01 -7.015187e-02 1.013025e-01
3.528200e-02 8.140595e-01 -2.060952e-01
5.599888e-01 7.069118e-01 1.283001e-01
-4.126034e-01 -7.946679e-01 1.040954e-01
-8.613366e-01 -4.461271e-01 3.693997e-01
6.831556e-01 5.229718e-01 -2.826958e-02
8.429593e-01 4.714254e-01 3.716489e-01
2.543470e-01 -2.961610e-01 -3.486088e-01
-4.826004e-01 8.546750e-01 3.808503e-01
-5.227515e-01 -7.448584e-01 1.601853e-01
-9.508431e-01 -6.960122e-02 3.073047e-01
-3.635631e-01 5.255406e-01 -3.277551e-01
5.999233e-01 1.097173e-01 -3.303777e-01
3.368789e-01 3.566356e-01 -3.215168e-01
-6.784171e-02 -8.228023e-01 -1.526282e-01
-6.387929e-01 -3.162351e-01 -3.300043e-01
-1.389547e-01 2.276113e-01 -3.161955e-01
-5.877886e-01 5.703454e-01 -2.787865e-01
6.311851e-01 6.314531e-01 9.546866e-02
3.871678e-01 6.889899e-01 -2.690743e-01
4.836997e-01 -6.956986e-01 -1.857240e-01
5.318230e-01 -7.492628e-01 1.770349e-01
-6.422712e-01 3.045412e-02 -3.586316e-01
6.504287e-01 -5.093048e-01 -1.543965e-01
-4.009168e-01 -7.156562e-01 -2.715102e-01
4.683182e-01 5.713968e-01 -3.450558e-01
-1.709981e-01 5.874832e-01 -3.520677e-01
9.935078e-01 -7.008510e-02 3.429454e-01
-3.481652e-01 -4.628811e-01 -3.316965e-01
1.216262e-01 -8.388559e-01 -1.844829e-01
-6.545731e-01 4.701903e-01 -2.355141e-01
9.117078e-01 2.721158e-01 3.059397e-01
-7.909887e-01 2.234056e-01 -1.743660e-01
9.261244e-01 3.682654e-01 3.659557e-01
1.772961e-03 -7.091640e-01 -3.331392e-01
3.214974e-01 7.220812e-01 -3.132638e-01
8.312234e-01 -4.035088e-01 1.943355e-01
7.923882e-01 -4.112018e-01 8.052702e-02
-5.799477e-01 -2.202349e-01 -3.326120e-01
5.017276e-01 -1.501542e-03 -3.530609e-01
6.198330e-01 -4.142709e-01 -3.160402e-01
8.355844e-01 4.077145e-01 2.319924e-01
7.529954e-02 -9.774251e-01 2.987097e-01
-4.821016e-01 6.303524e-01 -2.278181e-01
-6.870670e-01 -8.608802e-02 -3.338680e-01
7.954842e-01 -1.198093e-02 -2.537451e-01
5.997067e-01 -4.837228e-01 -3.331706e-01
-5.208533e-01 -3.445844e-02 -3.257061e-01
-2.356265e-02 5.247072e-01 -3.491196e-01
-2.531820e-01 -7.850065e-01 -1.549401e-01
-7.791378e-01 -3.944299e-01 1.883637e-02
2.857925e-01 9.070727e-01 3.223397e-01
-1.949030e-01 9.123627e-01 2.494319e-01
6.271507e-02 -2.662583e-01 -3.186165e-01
3.522111e-01 1.951547e-01 -3.454426e-01
4.388217e-01 2.767038e-01 -3.232717e-01
6.373607e-01 -6.006155e-01 2.111708e-02
8.299256e-01 -5.543426e-01 3.521454e-01
-5.897032e-01 2.213027e-01 -3.294622e-01
7.544341e-01 7.676060e-02 -3.387249e-01
-2.363519e-01 -8.786037e-01 1.553912e-01
-4.054944e-01 3.053057e-01 -3.485311e-01
-9.384756e-01 1.840580e-01 3.201368e-01
4.414338e-01 7.681540e-01 6.913839e-02
-7.814019e-01 1.542210e-01 -2.446991e-01
4.617423e-01 -8.234699e-01 2.706723e-01
-6.724009e-01 -6.662455e-01 2.981511e-01
3.694650e-02 -8.391725e-01 -1.014730e-01
4.283937e-02 -8.068832e-01 -2.112941e-01
-5.365677e-01 6.733381e-01 -2.904530e-02
1.303821e-01 -9.451178e-01 3.113865e-01
-5.187792e-02 1.380352e-01 -3.158849e-01
3.622310e-01 5.616682e-01 -3.714473e-01
6.037197e-01 6.918768e-01 1.925044e-01
-9.629449e-01 -6.638064e-02 2.327989e-01
-1.142017e-01 6.341385e-03 -3.421225e-01
-1.633918e-01 9.641780e-02 -3.161806e-01
8.901851e-01 3.332893e-01 3.057844e-01
-6.858349e-01 1.906667e-01 -3.282510e-01
-9.228775e-01 -2.482692e-01 3.170333e-01
-5.943808e-01 7.189434e-01 2.455369e-01
3.773466e-01 -4.654843e-01 -3.605403e-01
-5.240657e-01 1.428243e-01 -3.253656e-01
-1.308312e-01 -6.468555e-01 -3.372045e-01
-3.277566e-01 -7.661676e-01 -1.219847e-01
-3.675746e-01 -8.333987e-01 1.607438e-01
-2.730231e-01 -9.142145e-01 3.218439e-01
-7.493905e-01 -1.084409e-03 -3.426662e-01
1.889097e-01 7.875440e-01 -2.217052e-01
2.322997e-02 -8.947573e-01 9.751669e-02
-7.920715e-01 -4.772321e-01 2.124575e-01
6.334756e-02 5.014611e-01 -3.195633e-01
3.061996e-01 7.431231e-01 -2.031322e-01
4.805036e-01 -4.591593e-01 -3.813924e-01
9.350466e-01 -1.451767e-01 2.746286e-01
-1.022996e-01 6.400302e-01 -3.271040e-01
-2.900698e-01 6.225265e-01 -3.601206e-01
-4.797867e-01 -4.709579e-01 -3.783368e-01
8.163587e-01 -9.169490e-02 -1.707503e-01
2.970953e-01 -8.512548e-01 7.525255e-03
2.440434e-01 8.800225e-01 1.690760e-01
-3.572546e-01 -7.767131e-01 -4.307158e-02
1.456967e-01 -8.626681e-01 2.142743e-02
4.825841e-01 4.877284e-01 -3.596083e-01
2.253822e-01 -1.025914e-01 -3.180116e-01
5.997247e-01 -7.577546e-02 -3.309199e-01
-1.536034e-01 7.937509e-01 -2.942725e-01
9.337979e-01 1.500661e-01 2.791449e-01
-1.807700e-01 -7.939346e-01 -2.840780e-01
-1.728799e-01 -4.204913e-03 -3.172350e-01
-6.268733e-01 5.073528e-01 -2.970026e-01
-1.064445e-01 -8.047147e-01 -2.006186e-01
-5.201050e-01 -6.800290e-01 -3.840143e-02
8.786986e-01 1.482309e-01 7.857204e-02
-4.480096e-01 6.825993e-01 -1.961038e-01
3.791776e-01 -8.772521e-01 3.119600e-01
8.525411e-02 -9.343722e-01 2.529999e-01
2.289621e-01 8.518717e-01 4.906107e-02
9.199653e-01 2.491370e-01 1.925821e-01
-9.085953e-01 -1.131377e-01 1.707980e-01
3.153562e-01 -4.334623e-01 -3.294308e-01
1.969835e-01 9.515608e-01 2.845589e-01
-7.525865e-01 3.945479e-01 -1.880509e-01
1.305153e-01 -3.018841e-01 -3.199815e-01
-3.261829e-02 2.812933e-01 -3.419821e-01
8.981916e-01 9.620095e-02 4.670444e-03
3.749167e-01 1.038602e-01 -3.195006e-01
-6.352130e-01 6.760413e-01 2.243114e-01
-4.977653e-01 -6.002480e-01 -3.246980e-01
-3.395418e-01 4.436076e-01 -3.503144e-01
-6.579021e-01 1.319779e-01 -3.766446e-01
3.680406e-01 8.393577e-01 1.836451e-01
7.519369e-01 -4.563396e-01 -7.619784e-02
-1.615264e-01 9.473716e-01 3.602446e-01
8.785493e-01 4.916026e-02 -7.698910e-02
7.794710e-01 2.042500e-01 -2.274298e-01
-2.933988e-01 -2.589148e-01 -3.218902e-01
4.070432e-01 -6.797451e-01 -2.214872e-01
7.251197e-01 6.361755e-01 2.494155e-01
4.692337e-01 -8.093863e-01 1.289362e-01
4.238734e-01 -1.424735e-01 -3.501904e-01
-8.523473e-01 3.430882e-02 -5.987516e-02
-8.572087e-01 3.981860e-01 2.842497e-01
-3.057007e-01 8.383556e-01 8.971230e-02
1.866799e-01 -9.072220e-01 9.779597e-02
4.866549e-02 9.660776e-01 2.677705e-01
6.264074e-01 7.583417e-01 3.777782e-01
4.158996e-01 -6.332886e-01 -3.074601e-01
3.511612e-01 8.126914e-01 6.049615e-02
-1.060617e-01 -8.951904e-01 1.207904e-01
7.251541e-01 5.541096e-01 1.729860e-01
-4.981641e-01 5.168977e-01 -3.510745e-01
-7.555332e-01 -5.188826e-01 1.836600e-01
5.119819e-01 -7.067281e-01 1.128019e-02
-3.212315e-01 7.994247e-01 -2.726102e-02
-1.992475e-01 -4.664012e-01 -3.275371e-01
-7.646554e-01 -5.653720e-01 3.119764e-01
4.326282e-01 -2.108901e-01 -3.256598e-01
-6.764961e-01 6.253791e-01 1.990370e-01
-8.210198e-01 4.410404e-02 -1.706114e-01
3.032137e-02 3.689673e-01 -3.424481e-01
8.425098e-01 -2.130258e-01 -1.175007e-01
-2.455413e-01 3.780612e-01 -3.190346e-01
-4.138340e-01 7.924501e-01 9.529796e-02
3.429724e-01 -5.663234e-01 -3.379647e-01
-8.331380e-01 3.205737e-01 8.589537e-02
-2.783011e-01 -2.968599e-02 -3.442329e-01
-2.058398e-01 8.946408e-01 1.913709e-01
-7.351817e-02 2.002445e-01 -3.156220e-01
8.894532e-01 -7.539164e-02 8.074417e-02
-7.315837e-03 8.059991e-01 -2.975463e-01
-6.842432e-02 -4.925985e-02 -3.173440e-01
-5.283939e-01 4.248015e-01 -3.720208e-01
-2.116659e-01 -8.212013e-01 -1.821859e-01
-4.556911e-02 8.813249e-01 5.087641e-02
-7.784374e-01 5.553776e-01 3.294308e-01
7.789885e-01 -1.997934e-01 -3.011456e-01
-4.734782e-01 6.500426e-01 -2.997641e-01
8.117139e-01 -2.383733e-01 -1.977018e-01
-5.625530e-01 -3.704011e-01 -3.766760e-01
5.741052e-01 2.756196e-01 -3.308123e-01
-9.026691e-01 5.843814e-02 1.131111e-02
-3.494873e-02 -9.308849e-01 2.323015e-01
-6.605486e-01 5.850130e-01 -6.631421e-02
8.179896e-01 3.802133e-01 1.251037e-01
6.534511e-02 6.108115e-01 -3.517571e-01
-5.503841e-01 -1.126704e-01 -3.560553e-01
3.576470e-02 -5.822933e-01 -3.603073e-01
-7.315626e-01 -2.011943e-01 -3.386786e-01
8.585409e-01 -2.643721e-01 1.002631e-01
-2.622042e-01 7.923994e-01 -1.301461e-01
-8.548609e-01 1.876798e-01 -9.596481e-02
-8.207196e-01 -6.469524e-02 -2.689504e-01
-1.258207e-01 -9.379759e-01 2.896636e-01
7.096397e-01 -2.861799e-02 -3.574831e-01
6.251424e-01 6.087252e-01 -1.047158e-01
7.758253e-01 3.629426e-01 -4.491799e-02
-7.827491e-01 -1.201295e-01 -3.133250e-01
-7.018888e-02 9.189370e-01 2.048392e-01
-7.076906e-01 6.243276e-01 2.849158e-01
-1.560498e-01 -9.524450e-01 3.621846e-01
6.762139e-01 4.831389e-01 -1.382453e-01
6.162367e-01 -7.103155e-01 2.545516e-01
-5.079196e-01 7.135041e-01 -9.231860e-02
3.087311e-01 8.253726e-01 -7.098451e-02
8.645492e-01 3.137335e-01 1.919295e-01
-3.318518e-01 -6.524456e-01 -3.527039e-01
-9.239932e-01 2.642392e-01 3.360410e-01
5.723414e-01 -7.829709e-01 2.539467e-01
2.039760e-01 7.141881e-01 -3.427274e-01
6.515608e-01 6.540482e-01 2.145678e-01
3.137910e-01 4.684877e-01 -3.235808e-01
-6.764796e-01 5.025796e-01 -9.729925e-02
8.551119e-01 -3.360268e-01 1.761358e-01
1.467454e-01 6.668131e-01 -3.681885e-01
8.809298e-01 -4.367495e-01 3.685155e-01
-2.530148e-01 7.581073e-01 -2.426664e-01
7.149327e-01 -1.457274e-01 -3.528906e-01
-8.720898e-01 -1.997606e-01 9.514278e-02
-1.933457e-02 -9.396293e-01 1.507195e-01
9.327167e-01 -1.522690e-01 1.573760e-01
6.604157e-01 -6.286991e-01 1.507046e-01
-7.127357e-01 6.678645e-01 3.787863e-01
5.755375e-01 6.750900e-01 7.058141e-02
3.730677e-01 -7.740264e-01 -3.632219e-02
-6.868833e-01 4.038090e-01 -2.566306e-01
7.365062e-01 -2.673919e-01 -2.790195e-01
-8.623686e-01 -1.432244e-01 -9.774924e-02
7.028144e-01 -4.938188e-01 -3.725323e-02
-7.345078e-01 2.220211e-01 -2.957765e-01
5.458902e-01 3.873076e-02 -3.547993e-01
3.473991e-01 -4.154731e-03 -3.193303e-01
-9.138553e-01 2.257757e-01 1.489205e-01
-7.663700e-01 -2.950932e-01 -1.694793e-01
-3.036860e-01 8.980789e-01 3.100513e-01
3.987707e-01 7.644486e-01 -2.209429e-02
9.047003e-01 -1.086290e-02 1.137324e-02
7.655710e-01 5.740836e-01 3.411772e-01
2.526489e-01 -8.489519e-01 6.055827e-02
4.819237e-03 7.455261e-01 -3.109354e-01
-6.320004e-01 3.955993e-01 -3.429604e-01
2.756547e-01 2.018963e-01 -3.172036e-01
3.325672e-01 -7.464595e-01 -2.798573e-01
8.520322e-01 3.025384e-02 -1.750336e-01
2.479385e-01 -7.855576e-01 -1.605109e-01
6.285879e-01 -6.741057e-01 1.872294e-01
-7.965161e-01 3.929961e-01 6.957285e-02
-5.905844e-01 -7.007034e-01 1.845606e-01
-6.354638e-01 -4.189276e-01 -3.018430e-01
4.829007e-01 8.208504e-01 3.274296e-01
1.914411e-01 -6.227416e-01 -3.689337e-01
1.179307e-01 -8.891179e-01 1.027766e-01
-3.328838e-01 3.318048e-01 -3.207417e-01
1.274281e-02 9.498582e-01 3.120839e-01
-6.503614e-01 5.546593e-01 -1.696033e-01
9.231285e-01 1.133552e-01 2.212855e-01
-7.070918e-01 -4.768139e-01 -1.672286e-01
-6.078297e-01 -6.673462e-01 1.323031e-01
8.264294e-01 -4.367495e-01 1.213800e-01
-2.846768e-01 5.468333e-01 -3.259869e-01
6.614820e-01 -7.339604e-01 3.664052e-01
-4.218750e-01 -3.745559e-01 -3.299730e-01
8.472382e-01 9.688511e-02 -1.746916e-01
4.745939e-01 -2.838621e-01 -3.564436e-01
-6.055063e-02 8.343844e-01 -1.240640e-01
-9.360785e-01 4.373694e-02 2.476009e-01
3.062340e-01 -8.834262e-01 1.284087e-01
-7.738942e-01 3.144997e-01 -1.232415e-01
8.276943e-01 -3.195566e-01 6.291665e-02
5.648501e-01 -6.099602e-01 -1.345216e-01
-5.566761e-01 3.302530e-01 -3.292904e-01
7.849561e-02 -6.630912e-01 -3.382738e-01
-4.504739e-01 8.739485e-01 3.287020e-01
-2.629196e-01 1.110189e-01 -3.170334e-01
-2.566011e-02 3.982697e-01 -3.171737e-01
5.713094e-01 4.279215e-01 -3.269173e-01
4.109382e-01 -7.849229e-01 5.829295e-02
2.113494e-01 8.034303e-01 -1.440172e-01
-6.229861e-02 8.661226e-01 -3.071971e-03
1.511900e-01 -4.987742e-01 -3.555132e-01
-8.623014e-01 -1.389024e-01 1.944138e-02
6.667585e-01 6.057621e-03 -3.790506e-01
3.816583e-01 -2.274932e-01 -3.503920e-01
8.603719e-01 -4.101997e-01 3.007573e-01
1.034319e-01 -5.318819e-01 -3.297878e-01
7.383715e-01 -6.599877e-01 3.270263e-01
4.017588e-02 -3.879063e-01 -3.223397e-01
-8.185391e-01 4.464109e-01 2.388341e-01
8.040733e-01 2.389080e-01 -1.087033e-01
-4.201097e-01 1.599112e-01 -3.472736e-01
-4.146002e-01 4.165098e-02 -3.207268e-01
5.592898e-01 6.545485e-01 -1.474152e-01
2.712429e-01 5.213693e-01 -3.239841e-01
5.362613e-02 9.098267e-01 1.621238e-01
5.160936e-01 -4.992088e-01 -3.581806e-01
-5.105825e-01 2.920569e-01 -3.532013e-01
5.609715e-01 -7.029406e-01 1.062677e-01
3.201996e-01 -6.911256e-01 -3.044507e-01
1.192790e-01 7.596605e-01 -2.946593e-01
2.787428e-02 -8.828422e-01 -5.737715e-02
7.096054e-01 1.765159e-01 -3.212077e-01
6.775789e-01 -4.740942e-01 -2.601223e-01
-3.723359e-01 -7.381169e-01 -1.458325e-01
-6.949242e-01 5.597998e-01 8.611268e-02
-3.711366e-01 7.953699e-01 3.343660e-02
-3.942424e-01 -2.638210e-01 -3.256912e-01
-8.332710e-01 -5.225700e-01 3.138373e-01
-3.738667e-01 7.739443e-01 -3.511201e-02
-6.949242e-01 4.571909e-01 -1.350957e-01
-5.954293e-01 6.039699e-01 -7.694250e-02
-2.020613e-01 -8.691096e-01 8.907621e-02
9.750976e-01 2.549797e-02 2.704394e-01
-8.889857e-01 -2.551945e-01 2.046062e-01
1.883272e-01 5.239560e-01 -3.493212e-01
-7.875775e-01 1.950382e-01 -2.907808e-01
6.052670e-01 -5.664907e-01 -1.434742e-01
-1.725469e-01 -8.585625e-01 -8.305581e-02
-8.947296e-01 2.971632e-01 1.550805e-01
3.545574e-01 -7.712559e-01 -1.809762e-01
-6.452179e-01 -4.587262e-01 -2.615949e-01
-7.877841e-02 -8.826257e-01 6.352166e-02
4.237225e-01 8.082856e-01 1.713402e-01
-4.512714e-01 8.039634e-01 2.059713e-01
-7.939025e-01 -5.483014e-01 3.647609e-01
-1.645403e-01 8.198661e-01 -2.410056e-01
1.416184e-01 8.841117e-01 1.007906e-01
-3.241453e-01 -8.206502e-01 -5.909945e-02
-6.206320e-01 2.561624e-01 -3.754035e-01
7.714808e-01 1.289074e-01 -3.223711e-01
-5.516998e-01 6.219754e-01 -1.384315e-01
4.978162e-01 6.377108e-01 -2.249625e-01
4.789877e-01 3.700352e-01 -3.541945e-01
6.439529e-01 -1.812711e-01 -3.357916e-01
-2.883553e-01 -5.509045e-01 -3.343639e-01
-2.547700e-02 -6.696835e-01 -3.804306e-01
-1.036646e-01 9.798641e-02 -3.164434e-01
-5.866401e-01 -5.792555e-01 -1.523176e-01
8.309083e-01 -2.591462e-02 -1.363058e-01
-6.450177e-01 6.400646e-01 1.501774e-01
-7.250275e-02 8.074179e-01 -2.915096e-01
-6.302366e-01 -6.996026e-01 2.795631e-01
9.394912e-01 1.852932e-01 3.234419e-01
-4.642558e-01 2.552110e-01 -3.234255e-01
2.674644e-01 6.662455e-01 -3.502068e-01
5.014618e-01 -5.637710e-01 -3.432083e-01
-1.684024e-01 9.069890e-01 9.093801e-02
-6.989851e-01 -3.108122e-01 -3.350479e-01
-8.473202e-01 2.673591e-01 6.943321e-02
6.757807e-01 4.520518e-01 -2.040790e-01
-2.756875e-01 9.540475e-01 3.698179e-01
5.677967e-01 -6.241439e-01 -2.012399e-01
-5.323397e-01 3.883409e-01 -3.287170e-01
8.152266e-01 3.382298e-01 5.027125e-02
-1.562499e-01 -1.069134e-01 -3.180728e-01
-7.400023e-01 3.144504e-01 -2.292922e-01
-2.347703e-01 -9.130795e-01 2.800903e-01
-7.448293e-01 -4.400366e-01 -6.919805e-03
-7.653115e-02 9.044695e-01 1.483308e-01
-4.092908e-01 8.429944e-01 2.655676e-01
-4.935701e-01 5.633036e-01 -3.089028e-01
-8.511988e-01 -4.436912e-01 2.227447e-01
1.153006e-01 9.404806e-01 1.890127e-01
7.521534e-01 4.134047e-01 -3.567058e-02
-8.731054e-01 -2.454659e-01 2.356865e-02
9.349401e-02 -8.662719e-01 -1.010851e-01
-4.117372e-01 7.515673e-01 -1.621866e-01
-8.449740e-01 -3.443366e-01 1.618610e-01
6.163696e-01 2.628039e-01 -3.767223e-01
-7.198675e-02 9.373263e-01 2.780114e-01
-4.035976e-01 -8.368038e-01 2.293071e-01
3.638126e-01 7.272876e-01 -2.048392e-01
2.563618e-01 1.424239e-01 -3.430993e-01
-5.293258e-01 -7.605431e-01 1.066091e-01
5.850750e-01 -3.644943e-01 -3.368938e-01
6.996677e-01 6.176204e-01 1.274932e-01
-1.442482e-01 8.434454e-01 -1.676169e-01
-8.669791e-01 1.913343e-01 6.608181e-02
5.896869e-01 5.525907e-01 -2.186794e-01
7.610592e-01 3.475926e-02 -3.020297e-01
-4.397536e-01 -6.836327e-01 -1.953272e-01
-2.506849e-01 8.924380e-01 2.250716e-01
-9.592008e-01 6.391417e-03 3.282674e-01
8.533466e-01 -2.325995e-01 5.109357e-02
-5.948289e-01 3.632788e-02 -3.292606e-01
-6.219462e-01 6.195724e-01 3.207125e-02
7.589130e-01 5.923385e-01 2.405561e-01
3.766969e-01 -3.240610e-01 -3.266380e-01
-7.349753e-01 -4.938188e-01 6.532147e-02
3.846707e-01 3.273497e-01 -3.223397e-01
1.073603e-01 -7.597426e-01 -2.988023e-01
-1.775247e-01 -5.722809e-01 -3.330466e-01
1.119713e-01 8.438128e-01 -1.857554e-01
6.784615e-01 6.500426e-01 2.780577e-01
5.313242e-01 7.313245e-01 1.627622e-02
7.118366e-01 6.771585e-01 3.188330e-01
-9.031430e-02 -5.074350e-01 -3.552489e-01
-2.595398e-01 -9.586011e-01 3.528130e-01
-6.465500e-01 -5.606496e-01 -3.976678e-02
3.425721e-01 5.970953e-01 -3.299894e-01
8.587560e-01 -8.748967e-02 -2.318035e-02
2.342043e-01 8.279430e-01 -3.221061e-02
7.712971e-01 4.130702e-01 2.508917e-02
2.616054e-01 -8.249216e-01 -1.240174e-01
-1.298824e-01 -7.843897e-01 -3.104859e-01
-6.644943e-01 -5.868484e-01 7.076764e-02
-4.038963e-01 6.849022e-01 -2.452113e-01
-2.036250e-01 -1.985927e-01 -3.453649e-01
-6.026776e-02 -4.086479e-01 -3.499888e-01
-3.719864e-01 -7.567556e-01 -1.984620e-01
4.461115e-01 8.629026e-01 2.804174e-01
7.779222e-01 9.403165e-02 -2.800754e-01
3.937765e-01 -9.631711e-02 -3.212376e-01
-2.870559e-01 -9.715152e-02 -3.186478e-01
-5.614210e-01 7.794836e-01 3.530146e-01
-4.202441e-01 -6.588034e-01 -2.800754e-01
-7.222895e-01 5.154117e-01 -4.972793e-02
8.739209e-01 -1.119862e-01 -7.352912e-02
8.352350e-01 4.935351e-01 2.657229e-01
8.868889e-01 -2.195344e-01 1.566323e-01
-3.697222e-01 6.193887e-01 -3.223397e-01
-8.058385e-01 -3.178853e-02 -2.195949e-01
-2.121648e-01 -8.151930e-01 -9.093771e-02
5.195555e-01 -5.850129e-01 -2.674449e-01
-7.102221e-01 4.331981e-02 -3.292442e-01
-8.619191e-01 -2.607011e-01 1.163063e-01
-6.971376e-01 -4.656007e-01 -2.198115e-01
-7.164305e-01 -6.462715e-01 3.667308e-01
2.856417e-01 -7.450750e-01 -2.520381e-01
-7.626407e-01 5.013117e-01 1.615817e-01
-3.502785e-01 -3.842681e-01 -3.544259e-01
-3.144063e-01 6.686157e-01 -3.440462e-01
-1.887110e-01 8.835113e-01 1.470910e-02
-8.579569e-01 4.348811e-01 3.457846e-01
5.432930e-01 5.450322e-01 -2.940082e-01
-4.780721e-01 -7.110667e-01 -1.500221e-01
-4.730450e-01 1.850766e-01 -3.495706e-01
-3.727854e-01 9.111275e-01 3.809892e-01
8.510495e-01 2.861487e-01 1.091535e-01
8.891530e-01 2.130273e-01 1.662205e-01
-7.187276e-01 -4.377665e-01 -9.293930e-02
-4.902204e-03 -8.257893e-01 -1.529075e-01
4.417340e-01 -6.555163e-01 -2.652570e-01
3.005493e-02 -8.253891e-01 -2.605554e-01
-4.806036e-01 -8.013095e-01 2.519455e-01
-2.870738e-01 8.013110e-01 -6.921562e-02
1.735625e-01 -7.065115e-01 -3.555132e-01
8.094677e-01 -4.880926e-02 -2.907494e-01
-2.129473e-01 3.349754e-01 -3.175770e-01
6.912115e-01 -6.247951e-01 2.237065e-01
-4.408020e-01 -1.679552e-01 -3.248219e-01
-1.579809e-01 -7.928832e-01 -2.112941e-01
8.022094e-01 4.266863e-01 1.513259e-01
7.825834e-01 -5.373720e-01 2.872277e-01
7.230065e-01 -2.658745e-01 -3.325179e-01
7.561486e-01 -3.253797e-01 -1.645911e-01
9.116256e-01 -2.564461e-01 2.777007e-01
4.012335e-01 4.892637e-01 -3.282510e-01
6.426879e-01 -1.134441e-03 -3.315098e-01
-3.253595e-01 2.309656e-01 -3.186941e-01
1.017938e-02 8.388559e-01 -1.151114e-01
-7.884587e-01 1.429078e-01 -3.036128e-01
-3.918289e-01 -5.023616e-01 -3.350942e-01
-8.009443e-01 -2.337346e-01 -2.366312e-01
-6.773623e-01 -1.375173e-01 -3.594530e-01
7.341255e-01 3.330563e-01 -2.284693e-01
8.817617e-01 3.764094e-01 3.365369e-01
9.407398e-01 -3.373277e-01 3.552025e-01
6.470161e-01 5.061506e-01 -2.739148e-01
-7.163977e-01 3.169535e-01 -2.773602e-01
-5.708090e-01 6.837164e-01 8.096148e-02
4.889927e-01 8.013110e-01 2.740701e-01
9.082459e-01 -2.678234e-02 1.397662e-01
4.176963e-01 5.599835e-01 -3.288559e-01
-5.489861e-01 -5.886511e-01 -2.218606e-01
4.349924e-01 8.779705e-01 3.798885e-01
4.118881e-01 -9.072892e-01 3.527204e-01
-1.334780e-01 -6.949295e-01 -3.600430e-01
6.095459e-01 -6.929118e-01 8.210967e-02
-1.020000e-01 7.136699e-01 -3.219679e-01
5.242167e-01 4.539037e-01 -3.306570e-01
1.497757e-01 2.389245e-01 -3.160566e-01
-3.997583e-02 -3.574360e-01 -3.218738e-01
1.890276e-01 -3.073726e-02 -3.423391e-01
5.949470e-01 -5.343850e-01 -2.414253e-01
-4.273681e-01 -5.639039e-01 -3.591125e-01
4.524051e-01 -6.542647e-01 -2.110298e-01
-6.293111e-02 -9.102433e-01 1.626988e-01
-5.224677e-01 7.127365e-01 5.478638e-02
4.674699e-01 -7.222470e-01 -3.160544e-02
7.833331e-01 -3.023351e-01 -1.056002e-01
-2.694611e-01 7.621128e-01 -2.943487e-01
-5.709928e-01 -7.178724e-02 -3.293995e-01
6.668915e-01 -1.183440e-01 -3.361650e-01
5.659821e-01 -5.208346e-01 -2.972356e-01
-9.723345e-01 -2.183994e-01 3.666218e-01
2.450919e-01 -2.104898e-01 -3.192527e-01
-8.755189e-01 -9.872014e-02 -7.228773e-02
1.217094e-01 8.541254e-01 -2.465443e-02
-3.143570e-01 8.787725e-01 1.330944e-01
-4.775733e-01 -6.437341e-01 -3.025106e-01
-1.556002e-01 8.697100e-01 5.346747e-02
-7.617416e-01 4.765974e-01 1.088587e-01
-9.459489e-01 1.249359e-01 3.119137e-01
9.803841e-02 9.579843e-01 2.509672e-01
6.645945e-01 -5.187661e-01 -2.043419e-01
2.858089e-01 -1.666582e-04 -3.438296e-01
2.405307e-01 -8.809574e-01 1.595640e-01
5.161428e-01 6.852696e-01 -3.812215e-02
-4.028987e-01 2.568299e-01 -3.219828e-01
-4.639571e-01 -7.379167e-01 -9.686479e-02
7.209260e-01 -4.271209e-01 -1.121478e-01
9.460327e-01 -1.808842e-02 2.758861e-01
-3.910628e-01 5.740000e-01 -3.548605e-01
1.507240e-01 -6.093420e-01 -3.353421e-01
-5.524481e-01 -5.009771e-01 -3.140389e-01
3.803590e-01 7.592587e-01 -7.512716e-02
-5.968765e-01 7.335453e-01 1.772828e-01
-6.294769e-02 -8.116220e-01 -2.837987e-01
-8.252479e-01 1.906667e-01 -1.971896e-01
8.223013e-01 -2.567463e-01 -3.053491e-02
-7.282157e-01 -6.024181e-01 2.919442e-01
-7.670853e-01 2.700966e-01 -1.997808e-01
-1.234903e-01 -8.428943e-01 -1.687490e-01
-8.222012e-01 1.160251e-01 -1.393469e-01
2.986097e-01 7.344130e-01 -2.676002e-01
4.300575e-02 -9.597526e-01 3.361799e-01
-5.330958e-02 9.700667e-01 3.816568e-01
1.362517e-02 8.928561e-01 8.918480e-02
5.504106e-02 9.921435e-01 3.670564e-01
9.898722e-02 7.993411e-01 -2.407741e-01
-6.043843e-01 -1.612628e-01 -3.324253e-01
7.780058e-01 5.109731e-01 2.391134e-01
2.665653e-01 -6.882222e-01 -3.207103e-01
-7.375217e-01 4.271538e-01 -6.446781e-02
3.421655e-02 8.812920e-01 -6.767956e-02
4.410351e-01 -7.520840e-01 -1.008214e-01
5.147285e-01 -4.127864e-01 -3.800588e-01
-8.388476e-01 -5.057800e-02 -1.016747e-01
-7.064600e-01 -3.337896e-01 -2.811149e-01
-4.317798e-01 -8.886668e-01 3.365682e-01
5.552947e-01 8.070505e-01 3.115104e-01
-3.486983e-01 -7.380661e-01 -2.793764e-01
6.461678e-01 5.520232e-01 -1.879881e-01
3.697895e-01 -7.069282e-01 -3.089028e-01
4.106052e-01 -5.867155e-01 -3.305166e-01
9.505117e-01 2.029477e-01 3.713382e-01
3.167541e-01 -9.072220e-01 3.315262e-01
3.482653e-01 8.929218e-01 3.517586e-01
1.520055e-01 1.179941e-01 -3.158386e-01
8.043062e-01 -4.451758e-01 1.782924e-01
5.987584e-01 -3.135467e-02 -3.581656e-01
-6.403072e-01 -2.283953e-01 -3.361023e-01
4.440411e-02 -7.309242e-01 -3.537285e-01
2.771198e-01 -9.228081e-01 2.343043e-01
5.884711e-01 7.255178e-01 2.561959e-01
5.035079e-01 -6.195544e-01 -3.078797e-01
4.134353e-01 2.299635e-01 -3.220142e-01
-6.255590e-01 -2.102537e-02 -3.319130e-01
1.554017e-01 3.527137e-01 -3.174829e-01
6.627799e-01 5.290458e-01 -7.571679e-02
-6.464664e-01 7.186761e-01 2.581046e-01
-6.257083e-01 3.450042e-01 -3.529369e-01
8.571594e-01 -4.623464e-01 2.649015e-01
8.288428e-01 1.951711e-01 -6.421959e-02
-5.117489e-01 -5.528401e-01 -3.088879e-01
-7.999780e-01 6.638128e-02 -3.017042e-01
6.513442e-01 7.772838e-02 -3.278014e-01
-6.749953e-03 4.069993e-02 -3.172350e-01
2.750808e-02 8.565120e-01 -1.641714e-01
5.647272e-02 -1.829065e-01 -3.177935e-01
6.680236e-01 4.041928e-01 -2.820916e-01
7.639222e-01 1.892808e-01 -2.743658e-01
-2.524323e-01 8.557608e-01 8.861069e-02
-7.745259e-01 4.670524e-01 1.477123e-02
1.822843e-03 6.068568e-01 -3.513389e-01
1.982156e-01 6.545978e-01 -3.294771e-01
6.010060e-01 -5.891350e-01 -9.740782e-02
9.228776e-01 -9.129434e-02 2.063133e-01
-6.722680e-01 -6.597876e-01 1.637234e-01
-9.043179e-01 -1.645500e-01 6.578699e-02
9.762232e-02 -1.019907e-01 -3.425572e-01
6.795264e-01 -6.668130e-01 1.875864e-01
4.670203e-01 7.149214e-01 -1.733116e-01
7.136019e-01 -5.264411e-01 6.041849e-02
4.894421e-01 6.760742e-01 -1.289048e-01
-4.547184e-01 -3.152837e-01 -3.291366e-01
8.976092e-01 -1.210807e-01 1.509696e-02
-1.531210e-01 6.847678e-01 -3.271966e-01
4.634748e-01 7.200456e-01 -4.690403e-02
-5.635014e-01 -4.640819e-01 -3.524411e-01
3.978717e-01 6.534463e-01 -3.320534e-01
9.199324e-01 -2.981295e-01 2.385085e-01
-7.882601e-01 -1.025748e-01 -2.572041e-01
-4.036305e-01 -6.830159e-01 -2.321164e-01
7.473429e-01 -3.162515e-01 -2.899280e-01
-6.118084e-01 -5.716805e-01 -1.068259e-01
-1.487926e-01 9.281489e-01 2.819527e-01
5.433931e-01 -6.833490e-01 -9.746996e-02
-7.348408e-01 -4.976046e-02 -3.486387e-01
-3.108936e-01 -1.576755e-01 -3.462804e-01
6.486470e-01 1.356823e-01 -3.293532e-01
-7.104207e-01 -3.813483e-01 -2.204163e-01
2.683127e-01 7.908148e-01 -1.287341e-01
7.473265e-01 2.917224e-01 -3.027436e-01
4.933880e-01 -7.533012e-01 1.582797e-03
1.591309e-01 8.689423e-01 5.332783e-02
-8.428428e-01 -1.065796e-01 -1.844829e-01
-5.722413e-01 7.505158e-01 2.888885e-01
-6.977873e-01 -5.786387e-01 1.471517e-01
6.721515e-01 6.621414e-01 1.686101e-01
1.755365e-02 2.646230e-01 -3.158699e-01
-9.488957e-01 -1.200627e-01 2.011936e-01
-8.811628e-01 -3.118769e-02 4.400291e-02
3.957076e-01 -7.294397e-01 -1.397349e-01
8.748036e-01 -1.368024e-03 -9.765605e-02
-1.164655e-01 8.087366e-01 -1.923028e-01
-2.997909e-01 8.820089e-01 2.439702e-01
1.475709e-02 -9.360747e-01 2.491989e-01
6.345140e-01 -3.197567e-01 -3.318354e-01
4.683347e-01 6.257136e-01 -3.213316e-01
1.741286e-01 -8.690752e-01 6.296310e-02
-1.325625e-01 -9.453852e-01 2.075544e-01
4.484757e-01 5.113076e-01 -3.304240e-01
1.955856e-01 -2.671753e-01 -3.199815e-01
-8.285441e-01 6.054083e-02 -2.522546e-01
-4.189776e-01 8.323488e-01 1.260503e-01
-5.939970e-01 -7.199605e-01 1.319772e-01
-1.977660e-01 6.300522e-01 -3.573741e-01
-2.680796e-01 -7.394505e-01 -2.394703e-01
-4.916554e-01 -2.082197e-01 -3.274445e-01
-9.035024e-01 3.348410e-01 3.492136e-01
-7.640730e-01 -4.752621e-01 1.177804e-01
-8.617698e-01 4.158899e-01 2.117750e-01
5.460067e-01 6.840838e-01 2.637701e-02
-7.504897e-01 6.030021e-01 3.561180e-01
-5.935310e-01 -5.995147e-01 -1.980423e-01
-9.850352e-01 -1.290070e-01 3.693848e-01
8.271447e-01 4.110017e-01 8.619019e-02
4.370236e-01 6.747898e-01 -3.003854e-01
-5.590403e-01 -4.035416e-01 -3.355288e-01
7.841242e-02 1.730450e-01 -3.158699e-01
4.102064e-01 -8.186818e-01 1.660965e-01
4.692009e-01 1.615645e-01 -3.232403e-01
2.171527e-02 -2.532590e-01 -3.446824e-01
-4.627743e-01 5.588501e-02 -3.229909e-01
7.511722e-01 -6.335051e-01 3.677703e-01
-3.946083e-01 -4.437913e-01 -3.320833e-01
-6.010060e-01 -5.682918e-01 -2.560257e-01
6.461842e-01 3.210755e-01 -3.251326e-01
8.285605e-01 -1.416391e-01 -1.020626e-01
-5.154767e-01 -6.449199e-01 -2.608049e-01
-9.007380e-01 2.703536e-03 1.138860e-01
7.693495e-01 -7.924634e-02 -3.300357e-01
-7.272509e-01 5.773707e-01 2.255211e-01
-7.477431e-01 3.432360e-01 -1.729382e-01
-1.152337e-01 -9.274617e-02 -3.429753e-01
5.900856e-01 1.594453e-01 -3.304703e-01
7.583963e-01 -5.858299e-01 3.201219e-01
7.270508e-01 4.300079e-01 -8.636061e-02
-8.371167e-01 -1.735274e-01 -4.870384e-02
-2.617547e-01 8.676923e-01 2.768023e-02
-5.963941e-01 -5.169127e-01 -2.635663e-01
1.913575e-01 -5.731650e-01 -3.612840e-01
-8.628018e-01 4.717452e-02 -1.358403e-01
7.878942e-01 3.252140e-01 -1.755459e-01
5.199885e-01 7.641648e-01 2.175936e-01
1.181971e-01 5.478011e-01 -3.491823e-01
-8.026588e-01 1.458281e-01 -1.903628e-01
-7.009998e-01 6.138657e-01 1.210541e-01
5.129960e-01 7.919319e-01 1.705964e-01
5.627533e-01 -7.507324e-01 1.382611e-01
6.551556e-01 4.918669e-01 -1.828371e-01
-6.188667e-01 7.346788e-01 3.516495e-01
3.070987e-01 -1.906652e-01 -3.465134e-01
6.018543e-01 3.868056e-01 -3.535732e-01
-7.183681e-02 -8.350012e-01 -2.191439e-01
-7.493576e-01 -3.825655e-01 -9.501838e-02
-7.801698e-01 3.615581e-01 -3.309490e-02
4.914225e-01 7.606776e-01 2.285491e-02
5.687615e-01 6.744224e-01 -6.605046e-02
-8.621357e-01 5.820455e-02 -1.717577e-02
-4.788283e-02 -1.785171e-01 -3.178100e-01
-8.098829e-01 4.081805e-01 1.395025e-01
-6.810079e-01 -4.395692e-01 -2.898802e-01
-2.696777e-01 4.711745e-01 -3.224488e-01
4.989647e-01 -8.631520e-01 3.533252e-01
-6.025103e-02 3.481421e-01 -3.165375e-01
5.008121e-01 7.498975e-01 1.278501e-01
8.116303e-01 -4.940189e-01 1.783850e-01
-8.700422e-01 -3.301186e-01 2.285633e-01
-5.636672e-01 2.632042e-01 -3.280031e-01
1.299160e-01 8.205502e-01 -1.461118e-01
-7.853463e-01 -1.797851e-01 -2.226506e-01
5.697278e-01 -6.438685e-01 -3.435168e-02
-5.983495e-02 -7.647323e-01 -2.987097e-01
2.899026e-01 6.232105e-01 -3.588646e-01
1.263704e-01 -9.632071e-01 2.657394e-01
-4.653551e-01 -8.456944e-02 -3.242634e-01
-6.030107e-02 5.576298e-01 -3.516182e-01
1.106063e-01 -8.945736e-01 8.161482e-03
-8.298991e-02 -5.644206e-01 -3.568319e-01
3.855862e-01 -5.071019e-01 -3.356064e-01
-5.327385e-01 7.286720e-01 9.387192e-03
-6.884978e-01 3.597226e-01 -2.853190e-01
4.769580e-01 7.922321e-01 2.192843e-01
-8.287263e-01 1.446767e-01 -9.990584e-02
9.953224e-01 5.122935e-02 3.678330e-01
-3.966066e-01 7.332779e-01 -2.494931e-01
-5.539968e-01 7.790162e-01 2.183688e-01
1.515395e-01 -9.359747e-01 1.792542e-01
4.939868e-01 -6.621070e-01 -2.609438e-01
7.443798e-01 -4.996584e-01 9.444457e-02
5.854917e-01 5.092376e-01 -2.874294e-01
-3.847035e-01 -5.719464e-01 -3.364443e-01
-4.533026e-01 7.260524e-01 -1.663295e-01
-1.557003e-01 8.742323e-01 -4.505763e-02
-5.216094e-02 7.197947e-01 -3.221695e-01
3.200667e-01 7.927174e-01 -1.704411e-01
-2.035249e-01 8.641377e-01 -4.594207e-02
8.972089e-01 -3.527958e-01 3.392834e-01
6.190997e-01 -7.384842e-01 3.384605e-01
-9.215289e-01 7.589273e-02 8.533681e-02
1.344105e-01 -8.422432e-01 -5.750126e-02
2.129474e-01 9.141145e-01 1.531718e-01
7.938025e-01 -3.708521e-01 2.138083e-02
-8.656648e-01 -3.455538e-01 1.168804e-01
-2.052738e-01 6.796795e-01 -3.257061e-01
4.801541e-01 4.389853e-01 -3.564750e-01
1.988653e-01 -4.723931e-01 -3.549382e-01
-2.678138e-01 -3.695005e-01 -3.250086e-01
2.247326e-01 -9.479555e-01 3.666218e-01
7.445128e-01 -4.156569e-01 -1.712312e-01
-5.647992e-01 5.669910e-01 -2.360099e-01
-4.705659e-01 7.606283e-01 9.692721e-02
-4.325624e-01 -5.029799e-01 -3.803380e-01
-7.478417e-01 -7.544167e-02 -3.094300e-01
-9.962378e-01 8.298473e-02 3.597487e-01
2.293773e-01 -7.479619e-01 -2.818586e-01
-4.617423e-01 4.924344e-01 -3.302836e-01
-9.200145e-01 -7.263823e-02 1.949553e-01
-5.522151e-01 -6.781426e-01 -8.552276e-02
6.035117e-02 9.034853e-01 2.307206e-02
-1.823681e-01 -7.571066e-01 -3.258151e-01
9.192928e-02 -4.848907e-01 -3.270413e-01
7.440303e-01 4.090826e-01 -1.892307e-01
9.936751e-01 1.035933e-01 3.557925e-01
9.492552e-02 -3.207738e-01 -3.467464e-01
-1.340273e-01 -8.906517e-01 7.370081e-03
6.917611e-01 -4.541875e-01 -1.476789e-01
-6.884649e-01 -5.264083e-01 -9.307504e-04
5.449075e-01 2.348860e-01 -3.282211e-01
-4.341769e-01 7.398523e-01 -4.224927e-02
4.268365e-01 3.894745e-01 -3.256912e-01
-3.539420e-01 3.855033e-01 -3.486700e-01
6.187010e-01 -2.636552e-01 -3.779484e-01
-6.415065e-01 2.543597e-01 -3.320683e-01
-8.489347e-01 2.074536e-01 1.680373e-02
6.958991e-02 -8.643872e-01 -3.801243e-03
8.279109e-01 2.379403e-01 -2.676459e-02
-7.984372e-02 6.015340e-01 -3.512762e-01
4.085083e-01 8.301294e-01 2.193784e-01
4.528038e-01 8.151781e-01 1.275708e-01
7.529196e-01 -2.549436e-01 -2.321627e-01
-8.935976e-01 2.239238e-01 1.924268e-01
2.512675e-01 9.546314e-01 3.452409e-01
-2.476382e-01 -3.971181e-03 -3.177323e-01
4.291827e-01 7.275713e-01 -8.968095e-02
-2.426604e-01 6.131817e-01 -3.570022e-01
-6.221135e-01 1.427076e-01 -3.307496e-01
-7.867442e-01 2.690616e-01 -2.517901e-01
-1.901582e-01 -5.661873e-02 -3.435503e-01
3.419568e-01 7.127021e-01 -2.709980e-01
-2.721912e-01 -8.601814e-01 1.295414e-01
-7.851133e-01 -2.745517e-01 -1.305650e-01
-4.409021e-01 -7.865090e-01 1.435231e-02
-7.221073e-01 1.391366e-01 -3.182909e-01
8.793811e-01 -2.002101e-01 1.135601e-01
-3.476563e-02 8.149779e-01 -2.028066e-01
3.275745e-01 -8.615674e-01 1.881748e-01
-8.223670e-01 -2.379731e-01 -4.387837e-02
7.853299e-01 2.739170e-01 -1.352042e-01
-6.025368e-01 6.748734e-01 1.802944e-02
2.144962e-01 8.539909e-01 -7.331182e-02
5.274127e-01 6.521619e-01 -1.120237e-01
-9.129742e-01 1.969573e-01 2.379813e-01
8.001618e-01 5.885017e-01 3.705631e-01
3.957405e-01 -4.471800e-03 -3.203071e-01
-5.681461e-01 7.082306e-01 1.490446e-01
-9.685888e-01 -2.291106e-02 3.645279e-01
-9.470318e-01 -1.836742e-01 2.316041e-01
7.100220e-01 5.458656e-01 1.040023e-01
1.547292e-02 -4.715747e-01 -3.523007e-01
2.799828e-01 4.345302e-01 -3.481428e-01
7.549836e-01 -4.586082e-01 4.735431e-02
4.500080e-01 -5.441137e-01 -3.339457e-01
6.262416e-01 -2.396757e-01 -3.367385e-01
-2.807146e-01 -7.949696e-01 -2.000600e-01
2.498352e-01 8.647874e-01 1.211318e-01
-5.998396e-01 3.098773e-01 -3.739757e-01
-2.530312e-01 8.745668e-01 1.595953e-01
-6.496461e-01 -5.115735e-01 -1.446999e-01
7.954169e-01 3.878734e-01 5.996865e-02
-6.006221e-01 4.646494e-01 -3.022164e-01
-6.666913e-01 -6.773226e-02 -3.779798e-01
-3.566049e-01 8.552933e-01 2.240634e-01
-7.153821e-01 -2.336345e-01 -3.085936e-01
-3.143734e-01 -7.351956e-01 -2.096796e-01
-4.572977e-01 7.482965e-01 -8.766398e-02
-5.180739e-01 1.040104e-01 -3.512926e-01
9.169614e-02 -7.194108e-01 -3.273056e-01
-7.837482e-01 4.044602e-01 -6.893633e-02
-6.061989e-01 -3.085257e-01 -3.658153e-01
5.305087e-01 6.252626e-01 -2.765836e-01
8.007114e-01 -5.503354e-02 -2.356380e-01
9.048332e-01 4.929378e-02 1.317911e-01
3.264260e-01 5.616877e-02 -3.181819e-01
-5.599723e-01 6.179534e-01 -2.480191e-01
-7.115443e-02 -7.188433e-01 -3.569559e-01
-4.246872e-01 -7.753451e-01 6.300969e-02
-8.578404e-01 -4.124995e-02 -3.671020e-02
-3.576698e-01 -9.266956e-01 3.547993e-01
-3.999256e-02 -9.926273e-01 3.597950e-01
7.134347e-01 -3.188890e-01 -3.240005e-01
7.793365e-01 4.792513e-01 1.774067e-01
-9.421376e-01 -3.134990e-01 3.676926e-01
8.993730e-01 -2.215536e-01 2.024033e-01
-3.015462e-02 -9.686478e-01 2.597803e-01
7.539352e-01 5.689101e-01 2.961035e-01
5.805811e-01 -2.707134e-01 -3.349388e-01
2.699779e-01 -6.314860e-01 -3.641083e-01
5.252322e-01 -6.592873e-01 -2.035354e-01
3.170872e-01 -4.887454e-01 -3.319444e-01
-4.967498e-01 -8.142416e-01 2.090598e-01
3.113696e-02 9.281160e-01 1.143979e-01
9.429303e-02 -9.518774e-01 2.106116e-01
5.891865e-01 -1.487978e-01 -3.590662e-01
7.085734e-01 3.135662e-01 -2.885614e-01
-6.383597e-01 -4.813526e-01 -3.049779e-01
2.949805e-01 6.837164e-01 -3.119450e-01
-9.620802e-01 2.670424e-01 3.628358e-01
-7.966819e-01 -3.848849e-01 6.091507e-02
-7.358400e-01 5.744510e-01 1.271674e-01
6.807421e-01 -2.094056e-01 -3.310603e-01
-4.970499e-01 -3.170221e-03 -3.506399e-01
6.144993e-02 8.904531e-01 8.968123e-02
-8.350691e-01 2.077194e-01 -1.485323e-01
8.261127e-01 -2.178154e-01 -5.576358e-02
-8.397796e-01 3.096279e-01 -2.376998e-02
-7.028472e-01 5.226044e-01 2.428239e-02
7.969414e-02 2.439471e-01 -3.160088e-01
-2.859418e-01 -6.182208e-01 -3.376689e-01
8.913664e-01 3.243987e-02 7.944095e-02
2.791166e-01 8.340334e-01 3.664836e-02
5.840937e-01 8.034960e-01 3.656286e-01
8.771677e-01 -3.069231e-01 1.004802e-01
6.348143e-01 2.728327e-01 -3.328285e-01
6.625977e-01 -4.594431e-01 -2.186794e-01
-5.557342e-02 -4.767303e-01 -3.527204e-01
-2.013280e-01 -6.542811e-01 -3.374375e-01
-7.838647e-01 1.983926e-01 -2.166468e-01
-6.859185e-01 -5.293281e-01 -1.181835e-01
9.046675e-01 4.662371e-02 1.613658e-02
-5.088515e-01 -4.608619e-01 -3.362427e-01
9.529087e-01 1.327621e-01 3.373598e-01
4.464445e-01 -8.483679e-01 3.224025e-01
-8.214086e-02 8.307627e-01 -2.465136e-01
6.477822e-01 7.313424e-01 2.995789e-01
-6.637446e-01 6.914437e-01 3.422465e-01
4.829664e-01 6.936123e-01 -8.656238e-02
7.023914e-02 6.726033e-01 -3.282973e-01
3.825902e-01 -4.055444e-01 -3.584763e-01
8.798142e-01 8.585493e-02 5.134178e-02
5.162265e-01 6.516304e-02 -3.250086e-01
1.538036e-01 8.933729e-01 1.443589e-01
7.750263e-01 -2.147777e-01 -2.267010e-01
-2.632362e-01 -7.297055e-01 -2.885316e-01
-1.559333e-01 8.982790e-01 1.648241e-01
8.947626e-01 3.540981e-01 2.304556e-01
-3.167540e-01 7.741280e-01 -1.230399e-01
8.869053e-01 1.052974e-02 -5.328095e-02
9.475486e-01 -1.964391e-01 2.403246e-01
7.734119e-01 3.020185e-01 -2.551878e-01
7.281829e-01 -5.405248e-01 1.327376e-01
-8.207032e-01 -3.180213e-01 -7.189987e-02
-3.383275e-01 -8.832604e-01 2.923489e-01
3.329346e-01 -5.831103e-01 -3.795465e-01
2.952971e-01 3.876898e-01 -3.211763e-01
-8.591890e-01 -4.871937e-01 3.275386e-01
9.240275e-01 -2.885157e-02 1.957155e-01
5.679625e-01 3.617254e-01 -3.756828e-01
8.927314e-01 -3.220418e-01 2.856148e-01
5.058556e-01 -2.624858e-01 -3.305315e-01
5.559937e-01 -6.118122e-01 -2.597803e-01
3.218813e-01 -3.481241e-01 -3.261885e-01
5.659314e-01 -7.911313e-01 3.653807e-01
9.361950e-01 5.136286e-02 2.473679e-01
-4.918127e-02 -8.705104e-01 1.433678e-02
7.031804e-01 -3.722201e-01 -2.221383e-01
6.625141e-01 -5.781877e-01 -7.567019e-02
-1.908750e-01 2.084378e-01 -3.426662e-01
-1.206770e-01 -6.523291e-01 -3.814552e-01
-2.276956e-01 8.204337e-01 -6.870365e-02
6.694315e-02 4.554883e-01 -3.185537e-01
-1.836167e-01 7.782321e-01 -2.556538e-01
8.626017e-01 1.944707e-01 5.428979e-02
6.067321e-01 -6.407142e-01 4.408042e-02
7.136677e-01 -4.160571e-01 -2.628674e-01
2.551625e-01 -2.506050e-01 -3.468390e-01
-8.078353e-01 -1.919511e-01 -1.361507e-01
-8.043570e-01 -7.258507e-03 -2.997029e-01
2.769525e-01 -7.970889e-01 -9.141877e-02
-5.077866e-01 -2.524077e-01 -3.294458e-01
3.251859e-02 -9.437842e-01 1.665924e-01
8.206540e-01 1.442929e-01 -1.293238e-01
-7.573298e-01 -3.374606e-01 -1.390987e-01
1.347601e-01 8.316647e-01 -1.023108e-01
-2.746211e-01 4.418753e-02 -3.175770e-01
-8.316057e-01 2.701131e-01 1.813816e-02
1.949867e-01 9.695992e-01 3.529996e-01
6.891818e-01 -6.711188e-01 3.324103e-01
-8.220518e-01 2.148792e-01 -7.261361e-02
-3.186851e-01 -5.823769e-01 -3.811445e-01
7.308637e-01 -5.890185e-01 2.492766e-01
-5.139522e-02 5.033637e-01 -3.203848e-01
2.341714e-01 1.017576e-01 -3.423391e-01
-5.108663e-01 6.589871e-01 -2.480191e-01
-6.718020e-01 -7.312079e-01 3.624953e-01
6.966224e-01 -3.885395e-01 -3.085623e-01
6.954003e-02 7.186925e-01 -3.222158e-01
4.928712e-01 -7.839387e-01 2.031321e-01
5.211863e-01 -1.328116e-01 -3.545663e-01
6.786602e-01 7.189598e-01 3.754812e-01
-2.410295e-01 2.417277e-01 -3.431471e-01
-2.364519e-01 9.301516e-01 3.551712e-01
-4.934864e-01 -8.191986e-01 3.340547e-01
-7.985801e-01 -2.785229e-01 -1.964294e-01
8.980751e-01 -2.391081e-01 1.003251e-01
-5.346874e-01 5.567785e-01 -2.914633e-01
-7.723962e-01 -2.089052e-01 -3.052885e-01
1.614608e-01 5.929225e-01 -3.254746e-01
4.060948e-01 8.483351e-01 1.603092e-01
7.233395e-01 -4.994582e-01 -7.703569e-02
2.547458e-01 8.898348e-01 2.201998e-01
-2.383323e-01 9.325039e-01 2.490287e-01
1.003523e-01 -8.197496e-01 -1.496338e-01
-5.749535e-01 1.872123e-01 -3.550009e-01
5.981595e-01 5.590457e-03 -3.304703e-01
-8.301585e-01 3.602065e-01 1.449195e-02
-9.378423e-01 -1.982910e-01 3.291978e-01
2.519335e-01 9.092427e-01 2.890124e-01
-5.837771e-01 -6.720522e-01 8.552305e-02
6.227961e-01 -4.564232e-01 -2.929687e-01
-3.800259e-01 -8.391397e-01 8.536787e-02
5.520758e-02 3.423518e-01 -3.161029e-01
6.405567e-01 -6.613901e-01 7.410351e-02
-4.194272e-01 -2.192671e-01 -3.506399e-01
-9.009052e-01 -2.120087e-01 2.077097e-01
6.578528e-01 6.222084e-01 1.431486e-01
-2.114658e-01 8.245886e-01 -1.848085e-01
-4.015893e-02 -6.662455e-01 -3.381812e-01
5.323398e-01 7.174081e-01 9.458421e-02
-3.694893e-01 -7.902292e-01 -9.508052e-02
2.558779e-01 6.282824e-01 -3.293681e-01
-9.009381e-01 1.462619e-01 1.587426e-01
4.482920e-01 6.840033e-02 -3.485923e-01
8.232497e-01 1.038602e-01 -2.559331e-01
2.810741e-02 -4.066599e-02 -3.418896e-01
-5.976934e-01 5.863482e-01 -1.180283e-01
3.469331e-01 -2.330670e-01 -3.225100e-01
-7.921043e-01 3.073757e-01 -7.095344e-02
8.698929e-01 -3.729713e-01 2.778098e-01
-9.163853e-01 5.390179e-03 1.723035e-01
6.836216e-01 5.899191e-01 1.003880e-02
2.143289e-01 -7.775151e-01 -2.205717e-01
-5.148613e-01 -3.067574e-01 -3.584136e-01
-8.423768e-01 9.712048e-03 -9.582517e-02
7.919715e-01 2.492042e-01 -2.550474e-01
-4.318620e-01 6.840017e-01 -2.939305e-01
-7.894414e-01 5.143603e-01 2.768943e-01
8.821706e-02 7.871437e-01 -3.111221e-01
2.047243e-01 -9.105435e-01 2.340086e-01
-5.388812e-01 -6.496423e-01 -1.954048e-01
-7.426652e-01 -4.156404e-01 -1.730009e-01
6.059495e-01 -5.395077e-01 -2.907031e-01
-3.285228e-01 6.912092e-01 -2.977016e-01
-9.185494e-01 -2.249409e-01 2.793764e-01
-6.133572e-01 -2.703460e-01 -3.361799e-01
-8.013595e-01 5.285276e-01 2.278494e-01
7.749755e-01 3.163352e-01 -1.139477e-01
5.436261e-01 5.883838e-01 -3.037831e-01
-1.627257e-01 5.030307e-01 -3.477859e-01
-6.221792e-01 5.288785e-01 -1.937919e-01
-1.387383e-01 -9.148821e-01 9.802881e-02
-3.061174e-01 7.324595e-01 -2.647925e-01
3.480652e-01 4.701903e-01 -3.517571e-01
-9.332727e-02 8.576620e-01 -1.429000e-01
8.509002e-01 3.148342e-01 1.430245e-01
-8.264965e-01 -1.995097e-01 -1.801383e-01
-7.874103e-01 -4.382176e-01 5.415099e-03
9.898722e-02 9.824313e-01 3.806800e-01
-3.797600e-01 -7.135026e-01 -2.104562e-01
-6.596330e-01 7.447436e-02 -3.748614e-01
4.818279e-02 9.399819e-02 -3.413310e-01
-3.335170e-01 -8.714125e-01 2.443585e-01
-2.434594e-01 4.131538e-01 -3.459698e-01
-3.876994e-01 -1.043103e-01 -3.212226e-01
-6.830047e-01 -5.021779e-01 -7.224129e-02
-3.598503e-01 8.784887e-01 3.123796e-01
1.156501e-01 3.165697e-01 -3.160716e-01
5.977756e-01 -4.247015e-01 -3.529369e-01
1.611277e-01 -8.089696e-01 -2.641100e-01
1.222088e-01 -8.003760e-01 -2.062043e-01
-6.746322e-01 -6.199562e-01 1.827131e-01
-4.859623e-01 -7.453916e-01 8.311808e-02
2.188736e-01 -8.027447e-01 -1.296652e-01
4.338768e-01 -7.072792e-01 -1.390212e-01
-1.506911e-01 -7.335781e-01 -3.455367e-01
-8.891186e-01 3.144504e-01 2.745524e-01
3.097123e-01 7.772972e-01 -1.217831e-01
-7.984307e-01 2.420115e-01 -1.271050e-01
7.536858e-01 -1.336461e-01 -3.358693e-01
-2.483371e-01 7.233328e-01 -2.974985e-01
-7.400516e-01 -5.598655e-01 1.088743e-01
-1.724468e-01 7.389846e-01 -3.027899e-01
-8.791316e-01 2.903560e-02 3.695871e-02
9.342640e-01 2.562624e-01 3.694460e-01
-3.491479e-01 5.726155e-01 -3.295235e-01
-3.701374e-01 -8.007927e-01 5.491049e-02
-7.712462e-01 -6.087580e-01 3.143032e-01
2.804652e-01 -8.346173e-01 -6.887435e-02
-9.703934e-02 -8.588642e-01 -1.050404e-02
-2.915513e-01 -3.323379e-01 -3.506713e-01
-2.552625e-01 -4.264862e-01 -3.268859e-01
5.307088e-01 -6.060727e-01 -2.181208e-01
-2.925505e-01 -8.374879e-01 7.033318e-02
2.264650e-01 -8.179798e-01 -1.806969e-01
-3.013561e-01 7.999758e-01 -1.702231e-01
6.945584e-01 2.503885e-01 -3.476156e-01
4.445806e-01 -4.894966e-01 -3.807562e-01
-1.310644e-01 -2.380732e-01 -3.452873e-01
-8.640160e-01 -9.786900e-02 4.204922e-03
9.442609e-02 -6.650268e-01 -3.790193e-01
7.272346e-01 2.424297e-01 -2.973447e-01
2.318416e-01 -8.430780e-01 1.733123e-02
-4.703149e-01 6.812641e-01 -1.585096e-01
8.599060e-01 -1.418894e-01 7.571852e-03
-9.258242e-01 -1.361992e-01 2.450873e-01
3.105378e-02 7.734768e-01 -2.899892e-01
-1.507897e-01 5.610514e-01 -3.237675e-01
4.049956e-01 -8.039126e-01 7.138834e-04
-1.981648e-01 -8.989958e-01 1.952196e-01
6.982369e-01 5.759519e-01 1.404334e-01
6.568701e-01 5.905374e-01 5.577940e-02
6.655429e-01 -5.927388e-01 7.522064e-02
-8.766673e-01 -9.920403e-02 4.601988e-02
7.736269e-01 -4.618133e-01 -1.318610e-03
8.153924e-01 3.472072e-01 -5.435163e-02
7.723799e-01 -3.399637e-01 -2.045136e-01
1.053461e-01 7.363814e-01 -3.417805e-01
-3.954238e-01 -6.391789e-01 -3.434727e-01
8.268953e-01 -4.818544e-01 3.139149e-01
-1.924895e-01 -9.745875e-01 3.532012e-01
3.240453e-01 -6.055709e-01 -3.374987e-01
9.344970e-01 1.134553e-01 1.458173e-01
7.627737e-01 2.859157e-01 -1.965847e-01
-1.433660e-01 1.842746e-01 -3.158236e-01
8.947549e-03 -6.665293e-01 -3.381976e-01
-4.416832e-01 7.937017e-01 1.522250e-01
3.861686e-01 -5.515886e-01 -3.383828e-01
5.514997e-01 -9.811633e-03 -3.542870e-01
1.363248e-01 -6.981002e-01 -3.324104e-01
-9.783772e-01 7.747808e-02 2.936677e-01
-3.672987e-02 7.618619e-01 -2.999194e-01
-4.441639e-01 5.648389e-01 -3.237526e-01
8.199536e-01 2.359883e-01 -1.728770e-01
2.255988e-01 7.654164e-01 -2.289502e-01
7.306307e-01 3.866383e-01 -1.545369e-01
-3.178189e-01 -4.015389e-01 -3.273056e-01
5.937820e-01 7.260688e-01 1.477258e-01
5.411783e-01 3.240446e-01 -3.301134e-01
-5.904022e-01 -7.536685e-01 3.388802e-01
-7.127013e-01 -3.751743e-01 -2.981511e-01
5.681463e-01 7.595949e-02 -3.567080e-01
-2.660485e-01 2.666915e-01 -3.179339e-01
-3.173694e-01 -2.145940e-01 -3.476619e-01
-1.420675e-01 3.782778e-01 -3.173126e-01
-8.498502e-01 -4.847546e-02 -1.778877e-01
-2.000037e-02 -2.312791e-02 -3.425407e-01
-7.473100e-01 4.225987e-01 -1.554210e-01
7.883602e-01 1.505844e-01 -2.378558e-01
-1.553916e-02 -8.897840e-01 7.878919e-02
-5.432601e-01 -5.613172e-01 -2.792062e-01
-7.342748e-01 -3.147162e-01 -2.461731e-01
-8.631512e-01 3.151672e-01 1.835211e-01
6.842698e-01 -6.923771e-01 2.661725e-01
-8.406951e-01 2.558622e-01 -8.158173e-02
8.135285e-01 3.402506e-02 -1.943504e-01
4.362081e-01 -7.829216e-01 9.331206e-02
3.357304e-01 -1.548722e-01 -3.210987e-01
8.831268e-01 8.492045e-02 -5.315684e-02
-7.779629e-02 -7.974055e-01 -2.395793e-01
-5.901920e-02 -8.742158e-01 -8.147316e-02
-3.688232e-01 -3.436347e-01 -3.267306e-01
7.226406e-01 -4.351962e-01 -2.040327e-01
3.864688e-01 7.378331e-01 -2.510449e-01
8.517978e-01 -6.738189e-02 -1.678335e-01
-8.757862e-01 8.335183e-02 -7.739249e-02
7.252706e-01 4.909648e-01 -9.360644e-02
-1.686519e-01 9.455032e-01 2.416433e-01
-4.070924e-01 5.427457e-01 -3.300984e-01
-2.096841e-01 -7.345951e-01 -3.014712e-01
1.144017e-01 -7.882101e-01 -2.553745e-01
-4.491581e-01 -3.477074e-01 -3.567543e-01
2.043340e-02 -3.592208e-01 -3.474439e-01
7.365569e-01 1.507009e-01 -3.424168e-01
-1.413018e-01 8.935894e-01 2.079135e-02
7.969164e-01 3.027862e-01 -6.051139e-02
9.531417e-01 -1.585760e-01 3.458458e-01
-7.117694e-01 -1.677011e-02 -3.292904e-01
-5.493356e-01 -1.463448e-01 -3.295697e-01
3.136073e-01 -9.376101e-01 3.660318e-01
-8.550610e-01 -8.186622e-02 -1.515738e-01
3.993696e-01 -1.644499e-01 -3.227893e-01
-7.797367e-01 2.246095e-02 -3.237675e-01
-8.852400e-01 -1.735946e-01 2.917084e-03
7.478925e-01 -5.455145e-01 2.020927e-01
-5.639510e-01 -7.344787e-01 2.215350e-01
-2.060892e-01 -7.696220e-01 -2.513242e-01
3.311036e-01 2.206531e-01 -3.183835e-01
3.955997e-02 -8.781542e-01 3.742423e-02
4.487022e-02 6.803127e-01 -3.690428e-01
7.488245e-01 4.928839e-01 1.062055e-01
4.807695e-01 -6.726033e-01 -1.498981e-01
4.237390e-01 7.666679e-01 3.028698e-02
-3.588018e-01 -6.966485e-01 -2.767703e-01
6.465994e-01 -8.985925e-02 -3.646354e-01
8.554613e-01 -3.005325e-01 1.989137e-02
-1.010512e-01 5.029306e-01 -3.204774e-01
-7.488408e-01 6.077409e-01 2.462971e-01
7.036134e-01 6.345745e-01 3.088415e-01
-4.429661e-01 -2.452315e-01 -3.263274e-01
-1.476772e-01 -1.973904e-01 -3.446211e-01
-5.550781e-01 6.497588e-01 -1.705964e-01
7.042960e-01 5.325660e-01 -6.401797e-02
8.868725e-01 2.685270e-01 9.433600e-02
-9.191154e-01 3.680832e-01 3.744581e-01
-3.241274e-01 1.750134e-01 -3.439999e-01
-8.778666e-01 -4.055608e-01 3.662499e-01
-2.964948e-01 -8.498853e-01 6.020262e-03
7.977647e-01 3.482078e-01 8.145950e-03
-9.352122e-01 2.527422e-01 2.522083e-01
-7.814512e-01 2.781555e-01 -1.439706e-01
-1.518053e-01 7.903144e-01 -2.132177e-01
-8.984574e-01 1.007064e-01 9.635411e-03
4.791879e-01 -4.645165e-01 -3.378093e-01
-7.088799e-02 -9.304175e-01 1.261434e-01
-9.496618e-01 -1.250855e-01 3.245904e-01
2.001303e-01 1.076816e-01 -3.159939e-01
-5.616539e-01 -6.061548e-01 -2.583839e-01
4.457799e-01 -5.815092e-01 -3.535881e-01
-8.912334e-01 4.398873e-01 3.726734e-01
-5.078867e-01 8.147271e-01 3.522230e-01
3.905804e-01 -7.423046e-01 -2.176549e-01
-9.066377e-02 -6.334559e-01 -3.361172e-01
-9.921999e-02 -9.696650e-01 2.806952e-01
6.723188e-01 1.947380e-01 -3.318354e-01
5.792489e-01 -6.946129e-01 1.612105e-02
-2.514675e-01 -8.353014e-01 -9.517356e-02
-4.104129e-02 9.493072e-01 2.004797e-01
6.858021e-01 5.561288e-01 5.742403e-02
1.338945e-01 2.269676e-03 -3.416252e-01
8.844590e-01 1.828737e-01 1.248866e-01
8.017269e-01 4.742451e-01 1.173615e-01
-5.354028e-01 1.451796e-02 -3.521767e-01
-6.767126e-01 -6.248444e-01 8.463861e-02
-6.646601e-01 3.193401e-01 -3.464208e-01
-9.059981e-01 -2.831781e-01 1.780131e-01
-4.766907e-01 -6.564168e-01 -2.002617e-01
-5.028925e-01 4.582916e-01 -3.692593e-01
-5.081526e-01 6.593381e-01 -1.351421e-01
8.120142e-01 -1.432077e-01 -1.605422e-01
-2.385488e-01 -8.688422e-01 9.821649e-03
-2.388654e-01 5.062850e-01 -3.494616e-01
-4.587792e-01 -6.396135e-01 -2.650240e-01
2.192231e-01 1.473632e-01 -3.170647e-01
9.655093e-01 1.036291e-02 3.456755e-01
3.155384e-01 -7.906967e-01 -1.719764e-01
-6.859842e-01 2.840161e-02 -3.602296e-01
-6.994346e-01 3.836006e-01 -2.219367e-01
7.934694e-01 1.738620e-01 -2.019687e-01
9.444346e-01 4.373694e-02 1.607901e-01
-8.556106e-01 1.187283e-01 -1.806021e-02
1.551343e-01 -8.408915e-01 -1.591921e-01
-7.754922e-01 -2.539086e-01 -2.816421e-01
-7.835317e-01 -4.362476e-01 1.064848e-01
3.053513e-01 -8.902186e-01 2.609438e-01
8.326393e-01 3.040049e-01 6.716788e-02
-9.316074e-02 -8.286763e-01 -1.197040e-01
-6.219970e-01 -5.092869e-01 -2.215186e-01
-1.496412e-01 8.643035e-01 -8.657777e-02
4.517718e-01 -3.314030e-01 -3.299117e-01
1.915412e-01 8.986793e-01 1.934663e-01
5.689124e-01 6.438521e-01 -3.278470e-02
-7.894250e-01 -2.509693e-02 -2.648537e-01
1.798218e-01 -6.627238e-01 -3.642486e-01
-6.839038e-01 -6.855026e-01 2.627748e-01
3.382440e-01 9.336225e-01 3.673207e-01
6.743474e-04 8.088531e-01 -2.290592e-01
1.269696e-01 -4.544877e-01 -3.521917e-01
-8.830002e-02 8.840609e-01 -4.381639e-02
5.812636e-01 -5.699779e-01 -1.940562e-01
-4.006181e-01 9.018335e-01 3.435652e-01
8.430086e-01 3.299693e-01 1.616765e-02
-5.639510e-01 -7.899634e-01 3.695236e-01
2.831117e-01 8.614838e-01 1.461742e-01
6.677663e-02 -7.822540e-01 -2.782757e-01
-5.220182e-01 5.979630e-01 -2.592068e-01
-7.032970e-03 -9.182365e-01 1.844202e-01
-4.920557e-01 -6.642756e-01 -1.462670e-01
8.514735e-03 9.081569e-01 1.507046e-01
2.682798e-01 -8.612133e-02 -3.179489e-01
-3.243604e-01 8.199498e-01 -6.840883e-02
-9.320834e-01 9.201245e-02 2.459715e-01
6.718693e-01 1.251696e-01 -3.622937e-01
6.805749e-01 6.751900e-01 3.507340e-01
-5.930222e-02 9.228081e-01 9.961146e-02
4.305806e-01 -4.541875e-01 -3.348149e-01
3.427215e-01 -8.695591e-01 2.374840e-01
7.064601e-01 4.380339e-01 -1.365385e-01
-4.784560e-01 6.105278e-01 -2.878789e-01
-7.445291e-01 1.054788e-01 -3.087639e-01
8.802802e-01 -1.116024e-01 6.255971e-02
7.169145e-01 -6.568006e-01 3.653344e-01
-7.963996e-01 -1.247184e-01 -2.230076e-01
-8.082583e-02 7.996084e-01 -2.114644e-01
4.725298e-01 6.716684e-01 -1.798889e-01
7.224568e-01 4.996419e-01 3.691211e-02
1.069108e-01 3.934472e-01 -3.171260e-01
2.604061e-01 -5.650225e-01 -3.351868e-01
4.099899e-01 4.282560e-01 -3.526263e-01
7.383043e-01 4.272151e-03 -3.183835e-01
-3.717926e-02 6.595547e-01 -3.568155e-01
-6.930425e-01 -5.446304e-01 5.172980e-02
-3.986870e-01 6.559837e-01 -2.949864e-01
-7.296808e-01 5.454324e-01 1.559497e-01
-1.071603e-01 9.456033e-01 2.066702e-01
-7.603766e-01 -1.676370e-01 -3.248383e-01
-8.063373e-01 2.002609e-01 -2.543351e-01
3.520110e-01 8.899692e-01 2.258945e-01
6.000233e-01 7.457755e-01 3.477082e-01
8.052561e-01 1.968408e-01 -2.587872e-01
-8.554941e-01 4.953870e-01 3.361963e-01
4.530532e-01 -6.605224e-01 -3.045582e-01
2.275971e-01 3.214086e-01 -3.176696e-01
-6.926766e-01 -1.626473e-01 -3.297251e-01
5.546794e-01 5.631527e-01 -2.579030e-01
-5.243166e-01 -7.077287e-01 5.024019e-02
3.401079e-01 6.327211e-01 -3.504547e-01
3.944426e-01 7.354972e-01 -1.270274e-01
-4.495404e-01 4.165575e-01 -3.267470e-01
7.213920e-01 6.303181e-01 3.457069e-01
-5.626695e-01 6.820989e-01 -5.961142e-02
-8.065374e-01 4.154403e-01 2.575632e-02
-5.916164e-01 -7.297727e-01 2.713400e-01
-1.430732e-02 8.874497e-01 -4.704367e-02
4.177391e-02 4.738777e-01 -3.453335e-01
-3.066655e-01 -7.242662e-01 -2.492766e-01
7.525537e-01 4.702739e-01 -4.997615e-02
1.173814e-01 9.542297e-01 3.562107e-01
-2.429113e-01 -1.439919e-01 -3.185074e-01
6.245599e-01 4.436405e-01 -2.972670e-01
-5.893702e-01 -3.319705e-01 -3.366922e-01
6.326337e-01 -5.320477e-01 -2.605405e-01
7.672691e-01 3.517294e-01 -2.084848e-01
-4.452663e-03 5.485852e-01 -3.219365e-01
-6.694722e-01 -6.454695e-01 2.344283e-01
-8.843324e-02 7.698386e-01 -2.891827e-01
1.850146e-01 8.176140e-01 -1.161509e-01
-9.659588e-01 2.135605e-01 3.268710e-01
8.764016e-01 -2.756195e-01 1.755459e-01
