8.431314e-01 7.100694e-01 4.606421e-01
-9.769121e-01 -7.350918e-01 -5.165665e-01
-9.654890e-01 7.161710e-01 4.445054e-01
9.645052e-01 -7.342173e-01 -4.638220e-01
-4.799521e-02 -3.535250e-01 4.288506e-01
-6.686718e-02 5.969386e-01 -5.196852e-01
9.455214e-01 3.252448e-01 -5.005557e-01
9.657242e-01 -3.271313e-01 4.695592e-01
-9.866193e-01 2.530131e-01 -4.997292e-01
-1.755079e-02 -5.154668e-01 -5.374748e-01
-9.557156e-01 -6.809611e-01 4.430396e-01
-6.202270e-02 7.317048e-01 4.202597e-01
-7.267411e-01 1.569084e-02 4.942719e-01
4.956764e-01 -7.325329e-01 9.947183e-02
3.970608e-01 1.679141e-01 5.180638e-01
-4.430611e-01 -7.424455e-01 -4.561984e-02
-6.112700e-01 7.219777e-01 -1.545087e-01
4.311975e-01 7.373459e-01 -5.148208e-02
5.618778e-01 -2.197625e-01 -5.528016e-01
-9.952880e-01 -2.375240e-01 -3.041842e-02
-5.895766e-01 -2.290308e-01 -5.327512e-01
9.982013e-01 1.837709e-01 1.439535e-01
-1.259385e-02 4.145855e-02 -5.507595e-01
9.797509e-01 7.235876e-01 -8.821490e-02
9.984647e-01 -2.786599e-01 -1.483501e-01
-2.147127e-01 1.546529e-01 4.127918e-01
-9.918397e-01 3.185172e-01 9.526217e-02
4.036775e-01 3.702828e-01 -5.433379e-01
4.370457e-01 -7.287600e-01 -4.387052e-01
4.634792e-01 -3.326350e-01 5.120301e-01
-4.560758e-01 2.694214e-01 -5.366798e-01
9.915863e-01 -7.048506e-01 1.217048e-01
-9.826377e-01 7.415429e-01 -4.732858e-01
-4.634411e-01 -7.147533e-01 -5.256261e-01
-4.981972e-01 -5.207584e-01 4.304721e-01
-9.515651e-02 7.382205e-01 -5.697018e-02
-5.031725e-01 5.333110e-01 4.459711e-01
5.233372e-02 -7.364168e-01 -7.441680e-02
7.160865e-01 7.428596e-01 -4.819859e-01
-9.783083e-01 -7.229533e-01 -2.415072e-02
1.939766e-01 -7.362694e-01 4.384551e-01
3.786203e-01 6.557184e-01 4.631215e-01
8.399166e-01 1.179799e-01 5.580403e-01
7.302357e-01 -7.099220e-01 4.620598e-01
-9.961111e-01 -3.009031e-01 -4.737065e-01
-9.742688e-01 7.308684e-01 2.776794e-02
-9.886531e-01 -2.661090e-01 3.813763e-01
9.380336e-01 -9.261701e-02 -4.971720e-01
3.199151e-01 7.409168e-01 -4.382994e-01
-4.655876e-01 6.804824e-01 -5.178451e-01
-1.637386e-01 -7.508840e-01 2.845081e-01
-9.371823e-01 3.280157e-01 4.704801e-01
8.588921e-02 3.936308e-01 4.692628e-01
-4.003700e-01 7.308403e-01 1.500652e-01
-4.053271e-01 -1.526192e-01 4.213827e-01
7.086185e-01 -7.319632e-01 -1.805296e-01
-9.969177e-01 8.103064e-02 -1.725317e-01
9.979015e-01 8.879772e-02 -2.095618e-01
-1.814571e-01 -7.360673e-01 -3.273996e-01
-2.474449e-01 -2.225781e-01 -5.464549e-01
-9.866756e-01 4.722788e-01 -2.090931e-01
6.573813e-01 1.074979e-01 -5.572138e-01
-7.181287e-01 -7.389939e-01 -2.951411e-01
-7.223653e-01 -7.365825e-01 2.023588e-01
-7.493321e-01 4.998220e-01 -5.285875e-01
6.356133e-01 4.011683e-01 5.252352e-01
8.257492e-01 -4.378870e-01 -5.287746e-01
7.280627e-01 7.336559e-01 1.292821e-01
1.548741e-01 7.361783e-01 1.679323e-01
9.885223e-01 -1.778813e-01 1.676209e-01
1.009474e-01 2.907156e-02 4.680471e-01
9.861224e-01 5.165433e-01 1.642843e-01
-9.912021e-01 2.835375e-02 2.344136e-01
2.415685e-01 -1.894948e-01 -5.557017e-01
-7.010844e-01 7.093887e-01 2.650192e-01
9.573553e-01 4.154600e-01 4.617948e-01
-7.533253e-01 -5.146386e-01 -5.267954e-01
-7.563894e-01 4.336355e-02 -5.201059e-01
9.970022e-01 -5.817278e-01 -2.004724e-01
9.952499e-01 3.871516e-01 -1.599188e-01
-9.913230e-01 -4.948715e-01 1.853012e-01
9.809417e-01 6.068876e-01 -4.022680e-01
-9.868727e-01 -5.250746e-01 -2.488046e-01
7.228887e-01 -1.549107e-01 5.520215e-01
1.118265e-01 -7.313090e-01 -3.734098e-01
-1.983060e-01 4.645574e-01 4.234414e-01
-3.002191e-01 7.396382e-01 -2.685900e-01
3.146201e-01 -4.795579e-01 -5.367577e-01
-7.203977e-01 -3.300115e-01 4.820638e-01
1.121076e-01 3.526886e-01 -5.396892e-01
-5.016819e-01 1.968204e-01 4.458618e-01
6.900273e-01 4.574339e-01 -5.469849e-01
6.857178e-01 7.395637e-01 -1.835390e-01
-1.713011e-01 2.770037e-01 -5.421205e-01
1.698668e-01 7.391413e-01 -2.029816e-01
4.715848e-01 -6.150777e-01 4.707136e-01
-4.345530e-01 -7.458507e-01 2.366114e-01
3.153803e-01 7.411934e-02 -5.561373e-01
7.134813e-01 -4.452126e-01 5.265917e-01
1.998794e-01 -4.664439e-01 4.700892e-01
-3.950369e-01 -4.524735e-01 -5.389869e-01
9.798817e-01 -6.211892e-01 3.788042e-01
7.003920e-01 -6.986480e-01 -5.044064e-01
-8.773044e-01 7.357179e-01 -2.234990e-01
3.713395e-01 -7.330397e-01 -1.350820e-01
9.889529e-01 -4.420757e-01 1.746997e-01
-4.302137e-01 -1.975839e-02 -5.383642e-01
4.372428e-01 7.329105e-01 2.203339e-01
9.712246e-01 -4.944657e-02 3.931637e-01
-1.514165e-01 -1.018290e-01 4.110312e-01
-7.696293e-01 5.535303e-01 4.857589e-01
-9.868445e-01 5.023063e-01 2.744365e-01
1.460003e-01 -7.369965e-01 1.864705e-01
3.676941e-01 -9.518449e-02 5.123100e-01
-3.156619e-01 7.323027e-01 4.195277e-01
-9.928136e-01 -4.225006e-02 -5.025349e-01
-7.196011e-01 7.329387e-01 -4.375972e-01
-1.936950e-01 -7.444877e-01 -1.674487e-02
-2.312055e-01 -5.379767e-01 3.983245e-01
-2.717882e-04 -2.613224e-01 -5.516157e-01
-7.142961e-01 -6.456220e-01 4.451596e-01
3.822757e-01 4.178433e-01 5.054498e-01
7.371787e-01 -7.342538e-01 9.934711e-02
-4.797368e-01 -7.400059e-01 -2.840559e-01
5.169557e-01 6.176366e-01 -5.163495e-01
-2.033360e-03 -5.883162e-01 4.344636e-01
9.682168e-01 7.345121e-01 2.558055e-01
-2.759586e-02 7.397309e-01 -3.327791e-01
9.916227e-01 -3.344850e-01 -3.961251e-01
-7.109240e-01 -7.425184e-01 -5.935566e-02
5.621676e-01 -5.106074e-01 -5.289783e-01
1.743552e-01 -2.342480e-01 4.774015e-01
-1.696614e-01 7.357444e-01 1.868763e-01
6.316964e-01 7.260355e-01 3.482764e-01
1.481274e-01 6.263600e-01 4.578662e-01
-3.502573e-01 4.762819e-01 -5.314262e-01
-9.915399e-01 5.071657e-01 -4.385495e-01
-9.487544e-01 8.578851e-02 4.549976e-01
-9.902265e-01 -2.025360e-01 -2.658605e-01
-7.371041e-01 7.054949e-01 3.614038e-02
-7.484808e-01 2.714453e-01 -5.277925e-01
-7.281555e-01 2.443344e-01 5.045770e-01
6.128534e-01 1.112617e-01 5.441014e-01
-9.787107e-01 -7.177163e-01 2.071602e-01
-2.507904e-01 -6.238392e-01 -5.295398e-01
3.588498e-01 -7.368491e-01 2.882810e-01
-2.500683e-01 7.315027e-01 -5.105328e-01
-7.055909e-01 -7.340053e-01 -5.159587e-01
-9.250371e-01 -4.612532e-01 4.635107e-01
-8.127427e-01 -1.876084e-01 -5.211046e-01
1.144596e-01 7.204407e-01 -5.054035e-01
8.798070e-01 1.121545e-01 -5.347155e-01
2.329478e-01 5.311943e-01 -5.253611e-01
9.667163e-01 2.035662e-01 4.056517e-01
-9.460183e-01 -7.373741e-01 -3.034041e-01
-9.952681e-01 -4.517646e-01 -4.774015e-02
-9.894299e-01 -5.224528e-01 -5.048122e-01
9.986237e-01 1.207412e-02 -1.082035e-02
-3.189412e-01 7.370247e-01 -4.515212e-02
7.839193e-01 -2.293886e-01 -5.448964e-01
-9.507022e-01 7.432554e-01 2.375157e-01
8.478532e-01 7.417184e-01 -3.152064e-01
-9.902746e-01 2.612032e-01 -2.918518e-01
9.271837e-01 -7.354231e-01 -7.940588e-02
-5.147728e-01 7.266997e-01 3.503186e-01
8.384459e-01 -7.339407e-01 2.779593e-01
-3.743472e-02 -7.178272e-01 -5.158030e-01
-3.699251e-01 3.507459e-01 4.204171e-01
-3.382347e-01 -3.445151e-01 4.082702e-01
5.685408e-01 5.879022e-01 4.844190e-01
-6.046451e-01 -1.567605e-01 4.572584e-01
-9.938073e-01 7.156096e-02 3.724740e-02
-9.923449e-01 -1.840740e-01 1.641909e-01
-2.101978e-01 4.242446e-03 -5.464085e-01
-9.890374e-01 2.497371e-01 2.839466e-01
5.550475e-01 -7.349908e-01 3.292712e-01
-5.338973e-01 -7.286871e-01 4.267621e-01
-3.171608e-01 -7.365559e-01 4.107347e-01
-8.517040e-01 -1.385480e-01 4.998220e-01
-4.946081e-01 7.353767e-01 -3.141928e-01
3.028227e-01 -7.347324e-01 5.509930e-02
9.976481e-01 -5.029688e-01 -1.328367e-02
-2.001891e-01 -4.216543e-01 -5.419649e-01
9.933005e-01 2.600438e-01 -3.107163e-01
-5.608277e-01 4.362672e-01 -5.310205e-01
2.538346e-01 -7.154157e-01 -5.088965e-01
7.891199e-01 5.227923e-01 5.161309e-01
9.957650e-01 -1.576623e-01 -3.022513e-01
9.895989e-01 -5.514783e-01 -3.988529e-01
8.968977e-01 -7.313553e-01 -2.745922e-01
4.309358e-01 7.396846e-01 -2.786301e-01
-9.955878e-01 3.087173e-01 -9.831809e-02
9.990643e-01 2.254318e-01 -5.489658e-02
-3.975859e-02 2.268214e-01 4.434917e-01
1.515195e-01 -3.768366e-01 -5.481393e-01
9.806038e-01 3.493199e-01 2.846323e-01
4.820042e-01 1.789115e-01 -5.566060e-01
8.168833e-01 3.260465e-01 5.516009e-01
-6.446084e-01 4.117699e-01 4.797103e-01
8.886795e-01 -5.556553e-01 5.303811e-01
8.888683e-01 5.021225e-01 -5.323918e-01
9.894216e-01 5.682824e-01 -2.097953e-01
9.861505e-01 7.095311e-03 2.057259e-01
7.442077e-01 2.734974e-01 -5.528629e-01
2.863780e-01 -7.306929e-01 -3.062263e-01
5.180522e-01 -1.716323e-02 -5.581016e-01
-5.843479e-01 1.140134e-01 -5.306461e-01
-3.110410e-01 -7.412861e-01 -1.764768e-01
5.268981e-01 -7.315392e-01 -2.357849e-01
2.004144e-01 1.837427e-01 4.895632e-01
5.594233e-01 -6.507298e-02 5.384569e-01
-5.238904e-01 -3.386454e-01 4.394224e-01
-5.341607e-01 7.261283e-01 2.405715e-02
-5.507081e-01 -5.490121e-01 -5.316747e-01
-9.885687e-01 -7.748762e-02 3.830292e-01
7.554420e-01 -4.951100e-02 -5.527238e-01
-9.904518e-01 5.503173e-01 4.248591e-02
-4.900535e-01 6.138339e-03 4.448018e-01
-4.404095e-02 5.545423e-01 4.455173e-01
2.397036e-01 7.296163e-01 3.438013e-01
4.444855e-01 -3.566918e-01 -5.439606e-01
9.614031e-01 5.900834e-01 4.039210e-01
9.078421e-01 -1.565488e-01 5.196074e-01
-9.399168e-01 5.051782e-01 4.796308e-01
-6.623848e-01 6.927866e-01 4.418537e-01
9.896833e-01 7.967783e-02 -3.857570e-01
-7.390436e-02 -7.430252e-01 1.113210e-01
2.817687e-02 -7.403106e-01 3.160958e-01
9.425982e-01 7.372085e-01 8.165107e-02
9.930389e-01 5.723584e-01 -7.171498e-04
1.363769e-01 7.361866e-01 -3.211788e-02
-5.726731e-01 -7.403653e-01 1.137845e-01
1.485772e-01 1.189185e-01 -5.522551e-01
-8.423065e-01 6.450059e-01 -5.217439e-01
9.985955e-01 -3.289912e-01 1.666703e-02
-3.104878e-01 -9.046357e-03 4.092375e-01
-3.373718e-01 -7.472668e-01 9.053809e-02
8.137166e-01 7.405309e-01 -4.505854e-02
7.958574e-01 7.305273e-01 2.966698e-01
8.840039e-01 7.137877e-01 -4.993234e-01
1.213656e-01 -6.480616e-02 -5.557481e-01
-3.402868e-01 1.440053e-01 -5.411549e-01
-8.590229e-01 -7.416621e-01 -1.573775e-01
-4.277691e-01 -2.800048e-01 -5.409049e-01
2.232025e-02 -1.655308e-01 4.458767e-01
-8.036069e-02 5.261246e-02 4.308779e-01
-6.253811e-01 6.151605e-01 -5.210880e-01
5.867743e-01 -7.326340e-01 -4.342152e-02
-9.948475e-01 1.093937e-01 -4.117632e-01
5.703212e-01 3.390131e-01 -5.496051e-01
1.623798e-01 -5.512116e-01 -5.319082e-01
-4.103306e-02 -7.364168e-01 -2.144725e-01
5.417032e-01 7.456387e-01 -4.036560e-01
9.834708e-01 -3.054230e-01 2.750907e-01
9.790287e-01 -4.524470e-01 3.604680e-01
6.709028e-01 -7.287418e-01 -3.437383e-01
-6.212306e-01 -6.609455e-02 -5.280740e-01
-6.582624e-01 -4.825027e-01 4.615927e-01
-8.751216e-01 3.916979e-01 -5.264989e-01
3.024401e-01 -6.142777e-01 4.643835e-01
-9.872387e-01 6.427965e-01 -3.030463e-01
2.943991e-01 2.370735e-01 -5.512895e-01
-8.295900e-01 -3.691980e-01 -5.242067e-01
8.469622e-01 -6.251642e-01 -5.086149e-01
9.989516e-01 3.583116e-01 1.220011e-01
6.164888e-01 -2.801323e-01 5.383957e-01
-9.959240e-01 -3.657183e-01 -1.865020e-01
-8.387357e-01 -7.353867e-01 3.433028e-01
2.815898e-01 4.198324e-02 5.015213e-01
8.024823e-01 -2.962657e-01 5.496515e-01
-8.277069e-01 -7.433101e-01 5.315041e-02
5.177424e-01 2.909094e-01 5.245346e-01
-9.950711e-01 -7.366834e-02 -3.313133e-02
4.207334e-03 7.364632e-01 7.017601e-02
-5.670403e-01 -3.887084e-01 -5.344969e-01
5.486097e-01 -4.768334e-01 4.997292e-01
4.097874e-01 -1.675282e-01 -5.576809e-01
-3.686978e-01 -7.355423e-01 -3.988231e-01
-9.940028e-01 6.803251e-01 -1.298278e-01
-8.199573e-01 7.149288e-01 3.793955e-01
-9.919225e-01 -4.828704e-02 -3.058205e-01
-5.591417e-01 7.230460e-01 1.812170e-01
8.893833e-01 -7.307939e-01 4.491196e-01
-3.470889e-01 5.201605e-01 4.228799e-01
2.130929e-01 -7.336095e-01 -1.330864e-01
2.365369e-01 4.744600e-01 4.837316e-01
-9.443505e-02 -7.279037e-01 4.244384e-01
-1.062230e-01 -1.137189e-01 -5.512729e-01
-9.932641e-01 -3.467792e-01 1.330707e-01
3.082485e-01 -3.163459e-01 4.959397e-01
-1.688548e-02 2.507573e-01 -5.448335e-01
-4.577536e-01 7.353949e-01 -1.285805e-01
6.766748e-01 -3.925542e-01 -5.396577e-01
5.460889e-01 7.355241e-01 5.417943e-02
-9.890191e-01 -5.980996e-01 3.152230e-01
-7.230775e-01 7.164923e-01 -2.627120e-01
7.846778e-02 7.323773e-01 3.034670e-01
-9.952217e-01 -5.900834e-01 5.502129e-02
-1.626608e-01 4.758861e-01 -5.307240e-01
-2.132618e-01 -2.433225e-01 4.017381e-01
-9.993640e-01 -6.576131e-01 -1.626628e-01
9.964673e-01 -4.390563e-01 -2.578940e-01
5.832150e-02 4.956168e-01 -5.277925e-01
3.467991e-01 7.359663e-01 7.603825e-02
-8.069045e-01 3.905386e-01 5.196388e-01
-9.923830e-01 -6.157037e-01 -3.843691e-01
-2.233715e-01 3.104199e-01 4.165498e-01
8.112621e-01 -3.124355e-02 5.559352e-01
9.847643e-01 4.363782e-01 -4.049180e-01
9.992050e-01 -1.358424e-01 2.220183e-02
-7.552730e-01 7.066923e-01 -1.133791e-01
-5.871685e-01 -7.388747e-01 2.685271e-01
-8.414072e-01 -7.393251e-01 -4.110461e-01
-8.608680e-01 7.372631e-01 -3.725668e-01
7.360359e-01 5.983928e-01 -5.246439e-01
3.581459e-01 6.200017e-01 -5.176282e-01
-1.732405e-01 6.285975e-01 4.322028e-01
6.947592e-01 7.419023e-01 -3.340726e-01
5.169193e-01 7.236704e-01 4.429452e-01
-9.915399e-01 -3.946245e-01 -3.583165e-01
-9.906671e-01 -3.805995e-01 2.798458e-01
2.985314e-01 2.937168e-01 5.019121e-01
9.746248e-01 -1.961115e-01 3.784762e-01
3.903051e-01 -7.384871e-01 4.322194e-01
2.222750e-01 -9.408012e-02 4.890962e-01
-8.179433e-02 3.756209e-01 4.371301e-01
6.542328e-01 -5.789022e-01 4.899210e-01
-8.316238e-02 7.405855e-01 -4.920261e-01
-3.763430e-01 7.439179e-01 -4.195592e-01
9.064939e-01 -3.132073e-01 -5.136201e-01
-8.910131e-01 -2.946823e-01 4.863352e-01
-8.567837e-01 7.202023e-01 1.281128e-01
6.999416e-01 2.390527e-01 5.475629e-01
9.616946e-01 7.356715e-02 4.690922e-01
9.726208e-01 7.442111e-01 -2.310614e-01
-8.766768e-01 2.005568e-01 5.044528e-01
-8.663783e-01 -6.026642e-01 -5.277461e-01
4.372974e-01 -5.802918e-01 -5.223981e-01
-9.921759e-01 3.678730e-01 -4.066488e-01
5.600029e-01 -6.734517e-01 -5.062929e-01
-8.890355e-01 1.503370e-01 -5.163495e-01
-3.674043e-01 1.595306e-01 4.180934e-01
-2.014264e-01 -3.847053e-01 4.007708e-01
5.783606e-01 7.323408e-01 2.059744e-01
-1.925423e-01 7.393798e-01 -3.813448e-01
9.868727e-01 -5.883080e-01 2.415851e-01
-6.044480e-01 1.043597e-01 4.722258e-01
7.471674e-01 -7.336923e-01 -4.561984e-02
1.431986e-01 7.383215e-01 -3.406992e-01
-5.477849e-01 -7.400705e-01 -1.385901e-01
1.070100e-01 -7.165022e-01 -5.118115e-01
-5.776385e-01 7.357907e-01 -4.571491e-01
7.120486e-01 6.322595e-01 4.803496e-01
2.841951e-01 7.382387e-01 -1.251504e-01
6.473163e-01 7.373841e-01 -5.070249e-02
9.726208e-01 7.422418e-01 -3.747033e-01
-7.986117e-01 -5.162485e-01 4.724129e-01
-5.052809e-01 3.446443e-01 4.469052e-01
3.773086e-01 -4.386141e-01 4.926355e-01
-1.779525e-01 -7.320543e-01 -4.846840e-01
-1.940793e-01 7.306747e-01 3.222073e-01
7.233673e-01 -5.290495e-01 -5.241139e-01
-2.119203e-01 7.377882e-01 5.684547e-02
-3.836238e-01 7.338861e-01 3.009561e-01
9.990162e-01 -1.420084e-01 -1.503302e-01
9.740915e-01 -7.367199e-01 2.937068e-01
-2.306059e-02 7.350272e-01 2.122118e-01
9.782238e-01 1.021418e-01 3.032169e-01
8.857098e-01 -4.174855e-01 5.330477e-01
9.954934e-01 4.363318e-01 -8.528452e-03
-1.076285e-01 -4.830360e-01 4.144447e-01
5.588320e-01 4.889355e-01 -5.346526e-01
-7.154969e-01 -2.963766e-01 -5.270604e-01
-5.851065e-01 -7.361038e-01 -4.542656e-01
8.727879e-01 -7.349543e-01 6.432917e-02
9.867137e-01 -2.086359e-01 -4.445666e-01
1.018845e-01 -3.466136e-01 4.600177e-01
-9.968233e-01 -7.677892e-02 -1.742475e-01
2.874744e-01 -3.485100e-01 -5.515859e-01
-2.947552e-01 -7.514637e-01 2.536690e-01
-3.782179e-01 -5.783225e-01 4.124804e-01
4.502475e-01 4.550788e-02 5.256725e-01
5.796823e-01 -6.926110e-01 4.611721e-01
-3.852088e-01 -5.853433e-01 -5.335147e-01
9.221984e-01 5.499496e-01 5.239732e-01
9.613750e-01 -4.542871e-01 -4.843246e-01
-7.467285e-02 -3.805730e-01 -5.459249e-01
4.118295e-02 -4.640970e-01 4.458452e-01
-9.918861e-01 1.581501e-01 1.367504e-01
-2.545567e-01 3.813829e-01 -5.353233e-01
-3.908500e-01 -1.536315e-01 -5.412477e-01
-9.891119e-01 6.612304e-01 1.419733e-01
-2.103932e-01 -7.492096e-01 1.246516e-01
-9.947630e-01 4.494277e-01 -8.002961e-02
-6.179695e-01 2.601349e-01 -5.310817e-01
-6.394559e-01 5.563543e-01 4.714772e-01
-2.077234e-01 7.393069e-01 -1.236693e-01
8.431777e-01 -7.279783e-01 -3.936771e-01
4.455438e-01 5.438397e-01 4.869282e-01
-2.489901e-01 5.734085e-01 -5.240046e-01
-4.165150e-01 6.515033e-01 4.334980e-01
-8.736591e-01 7.312725e-01 -6.627806e-02
-8.789541e-01 6.223751e-01 4.773088e-01
2.297529e-01 -7.372367e-01 2.847101e-01
8.359996e-01 7.403189e-01 -1.718775e-01
-9.688528e-01 -1.685766e-01 -5.086779e-01
9.975173e-01 -6.303830e-01 -3.146300e-02
-6.865972e-01 -7.342637e-01 3.561800e-01
4.402306e-01 7.419751e-01 -4.835296e-01
3.921518e-01 7.290913e-01 3.404027e-01
1.240923e-01 -5.755252e-01 4.520346e-01
-2.466300e-02 -7.331043e-01 -3.895465e-01
-9.935904e-01 1.966630e-01 1.192721e-02
9.714962e-01 4.855402e-01 3.315932e-01
3.399108e-01 -6.097778e-02 -5.584146e-01
9.985955e-01 -4.066339e-01 -9.666534e-02
6.691405e-02 -7.278673e-01 4.392816e-01
-8.782138e-01 5.229397e-01 -5.261710e-01
-5.707701e-01 -7.409996e-01 -1.331481e-02
-9.853456e-01 4.268632e-01 3.905585e-01
4.140687e-01 -7.341345e-01 -5.456964e-03
3.584374e-01 4.938032e-01 -5.283225e-01
-9.806419e-01 2.049458e-01 4.266843e-01
5.256509e-01 -1.866974e-01 5.314411e-01
1.744678e-01 -7.358007e-01 6.345617e-02
9.643844e-01 1.880589e-01 -4.806924e-01
-9.898241e-01 3.916251e-01 1.969164e-01
-4.966784e-01 5.433975e-01 -5.275125e-01
2.419909e-01 4.075283e-01 -5.345747e-01
-7.237516e-01 -1.712912e-01 4.898282e-01
9.943307e-01 6.404777e-01 1.395723e-01
6.289983e-01 2.280271e-01 -5.562631e-01
-6.125536e-01 2.768563e-01 4.764674e-01
-1.286931e-01 -5.686319e-01 -5.331255e-01
9.973765e-01 -3.209105e-01 1.536511e-01
6.177542e-01 -8.952481e-02 -5.562317e-01
9.823843e-01 -1.068997e-01 2.679341e-01
6.763004e-01 -2.759917e-02 5.464235e-01
-6.671166e-01 -6.020001e-01 -5.303811e-01
-8.569990e-01 2.096396e-02 5.042193e-01
9.822253e-01 2.179870e-01 2.634904e-01
9.988108e-01 -5.785345e-01 1.200522e-01
-1.210188e-01 -6.083965e-01 4.136348e-01
2.936406e-01 7.344840e-01 1.861426e-01
9.900311e-01 -5.513392e-02 -3.930544e-01
-9.285136e-02 -2.333006e-01 4.201670e-01
9.971711e-01 2.656104e-01 -1.718145e-01
-6.890998e-02 3.609615e-01 -5.387849e-01
-9.931233e-01 -1.954490e-01 -3.921650e-01
-8.430932e-01 -4.235126e-02 -5.154601e-01
-5.868687e-01 -6.038882e-01 4.390017e-01
-3.417575e-01 -7.189038e-01 -5.251739e-01
8.153281e-01 4.061188e-01 -5.458935e-01
-8.199855e-01 7.002413e-01 2.420687e-01
-1.951757e-01 1.580489e-01 -5.447093e-01
-9.931316e-01 -7.509486e-02 1.110093e-01
-9.842111e-01 6.438829e-01 3.490863e-01
9.941999e-01 -6.970018e-01 -3.378919e-01
-8.425782e-01 -7.414236e-01 1.731875e-01
-6.839738e-01 7.109339e-01 1.452942e-01
-9.901901e-01 -1.580212e-01 2.822324e-01
1.769141e-02 1.193695e-01 4.537819e-01
9.215508e-01 2.425772e-01 5.106272e-01
-8.345935e-01 -6.372299e-01 4.510061e-01
5.866816e-02 7.311897e-01 4.224278e-01
9.790851e-01 6.111674e-01 2.555090e-01
4.576691e-01 -7.353767e-01 2.193518e-01
2.460486e-01 6.632642e-01 -5.100807e-01
9.120224e-02 2.304386e-01 4.700743e-01
-3.736732e-01 3.567829e-01 -5.368355e-01
-1.584537e-02 7.391595e-01 -2.132717e-01
-4.686417e-01 1.441986e-01 -5.363999e-01
-6.132741e-01 7.291195e-01 -3.280074e-01
-2.828651e-01 -9.051872e-02 -5.459564e-01
-7.110085e-01 -7.406319e-01 7.776885e-02
6.314529e-01 6.637246e-01 -5.062614e-01
-6.967368e-01 -1.646748e-01 -5.252203e-01
-1.450539e-01 -2.855714e-01 -5.483414e-01
-4.224841e-01 -4.266048e-01 4.202448e-01
9.190217e-01 7.265142e-01 3.716161e-01
9.660042e-01 -4.821814e-01 4.763895e-01
4.042108e-01 -7.295335e-01 -2.475873e-01
-3.048284e-01 -3.688485e-01 -5.426671e-01
-9.667445e-01 -4.068277e-01 -5.141037e-01
9.904154e-01 3.938709e-01 -2.961232e-01
1.421497e-02 -7.393715e-01 1.879512e-01
-2.729691e-01 -1.196363e-01 4.062596e-01
-6.064719e-01 -7.397309e-01 -2.608090e-01
-7.782036e-01 1.388150e-01 5.129344e-01
5.145194e-01 7.304080e-01 3.072548e-01
1.631576e-01 -7.326257e-01 -2.377807e-01
-8.610850e-01 -7.183705e-01 -5.308167e-01
-4.510359e-01 -7.436695e-01 1.105883e-01
-6.752504e-01 -4.283538e-01 -5.309261e-01
-2.019414e-01 2.969746e-02 4.086446e-01
8.745220e-01 4.466850e-01 5.421057e-01
5.112583e-01 1.661204e-01 5.310205e-01
7.672310e-01 -5.973808e-01 4.989177e-01
-3.078361e-01 2.541443e-01 -5.407641e-01
-9.912948e-01 6.120501e-01 -4.851046e-01
9.319619e-01 -3.276199e-02 5.002426e-01
-9.931879e-01 -7.160965e-01 3.209287e-01
2.689776e-01 7.393335e-01 -2.601697e-01
-4.261477e-01 -2.650871e-01 4.238306e-01
-4.136199e-01 7.364350e-01 1.869376e-02
-9.886912e-01 -2.350214e-01 -1.564420e-01
9.988108e-01 1.144367e-01 -8.147948e-02
2.512856e-01 6.749142e-01 4.530648e-01
5.470346e-01 7.398684e-01 -2.900267e-01
7.743230e-01 6.254226e-02 -5.512415e-01
2.312800e-01 -2.282292e-03 -5.566838e-01
8.790948e-01 -2.613539e-03 -5.334684e-01
8.252805e-01 7.368408e-01 6.779053e-02
-9.932541e-01 5.587111e-01 -1.104947e-01
9.962718e-01 -2.648833e-01 -2.652841e-01
9.990162e-01 -2.301521e-01 -4.614983e-02
-9.612540e-01 7.523200e-01 -3.141464e-01
-7.125355e-01 -7.408621e-01 -1.723296e-01
3.325737e-01 5.540736e-01 4.806924e-01
-8.203233e-01 -3.823121e-01 4.940069e-01
-8.844726e-01 -4.861746e-01 -5.248311e-01
-4.345067e-01 -7.447179e-01 3.761211e-01
3.259868e-01 -7.298829e-01 -4.209305e-01
6.640807e-01 -7.347423e-01 3.017213e-01
9.876875e-01 -7.023845e-01 -2.154547e-01
-9.488008e-01 -1.623558e-01 4.490733e-01
-9.948375e-01 -3.470839e-01 -8.169711e-03
5.535850e-01 -3.808761e-01 -5.408419e-01
9.400112e-01 5.994147e-01 -5.128714e-01
-9.914356e-01 -6.092444e-01 1.844433e-01
-9.674848e-01 -5.705730e-01 4.211177e-01
8.501124e-01 2.399719e-01 -5.436956e-01
6.722990e-01 5.053803e-01 5.106736e-01
-5.389952e-01 1.242375e-02 -5.325475e-01
-8.601939e-01 2.815318e-01 -5.252352e-01
-6.620750e-01 3.903365e-01 -5.304590e-01
5.232444e-01 -7.283642e-01 -3.685604e-01
1.833784e-02 7.412762e-01 -4.339336e-01
-9.870135e-01 1.777985e-01 -1.192257e-01
1.384103e-01 5.888314e-01 -5.189995e-01
3.817324e-01 -2.344881e-01 5.097842e-01
-2.879249e-01 7.345486e-01 2.451874e-01
-9.895425e-01 -4.876751e-01 3.236731e-01
-9.843900e-01 -3.822293e-01 4.138518e-01
-5.968757e-01 -1.128260e-02 4.675022e-01
1.375482e-01 -2.675168e-01 -5.537208e-01
-2.013883e-01 -7.164923e-01 4.009745e-01
1.862271e-01 2.569417e-01 -5.483579e-01
8.962882e-01 -1.919610e-01 -5.185159e-01
-6.446465e-01 7.160053e-01 -5.004778e-02
-1.204191e-01 -7.402643e-01 -1.386837e-01
-5.570896e-01 6.643689e-01 4.546697e-01
-9.298253e-01 4.741288e-02 -5.086629e-01
-9.933287e-01 -4.591548e-01 6.152284e-02
-5.007826e-01 -1.047647e-01 4.429137e-01
-3.640869e-01 6.412876e-01 -5.204487e-01
-9.908460e-01 4.258131e-01 7.789357e-02
3.744698e-01 -2.700839e-01 -5.514286e-01
4.993019e-01 -7.346960e-01 -1.077195e-01
7.244737e-01 6.932470e-02 5.548752e-01
1.261725e-01 5.208412e-01 4.701985e-01
6.078201e-01 -3.866647e-01 5.219923e-01
4.106867e-01 3.011532e-01 5.152581e-01
2.121654e-01 7.410642e-01 -4.359294e-01
9.978171e-01 -4.234397e-01 6.852325e-02
-9.890374e-01 9.985028e-02 3.148636e-01
-9.912766e-01 1.538616e-01 -2.843524e-01
-3.991974e-01 7.389111e-01 -2.265713e-01
-4.399507e-01 4.313068e-01 4.333887e-01
-3.266526e-02 -7.396382e-01 -8.684304e-03
-1.134664e-01 7.391132e-01 -2.578940e-01
6.219329e-01 7.061027e-01 4.552941e-01
9.978088e-01 -1.610490e-02 -1.889648e-01
7.706694e-01 -3.418105e-01 -5.384735e-01
-2.562428e-01 -5.123100e-01 -5.375377e-01
9.863758e-01 3.219688e-01 -3.972331e-01
5.329135e-01 4.272954e-01 5.137459e-01
7.927454e-01 -7.311997e-01 -2.458101e-01
6.816136e-01 -2.011001e-01 -5.511321e-01
-9.865166e-02 7.366570e-01 9.688363e-02
-2.805414e-01 -7.382851e-01 -2.893261e-01
4.032187e-01 2.645802e-01 -5.523329e-01
-9.859071e-01 -6.294721e-01 -5.164274e-01
-4.774230e-02 7.313007e-01 3.152544e-01
2.447551e-02 -2.759917e-01 4.443182e-01
9.675229e-01 -6.545127e-01 4.781037e-01
6.347140e-01 -7.317231e-01 7.475981e-02
4.744236e-02 -3.607214e-01 -5.482635e-01
-6.941033e-01 -7.377517e-01 -3.974501e-01
-9.835469e-01 -7.097381e-01 1.026212e-01
-7.416687e-01 6.154735e-01 -5.246589e-01
-8.935803e-01 -2.862256e-01 -5.192794e-01
3.907390e-03 1.449625e-01 -5.494957e-01
-3.166258e-01 7.386726e-01 -1.498780e-01
9.869108e-01 4.965641e-01 -3.148801e-01
-9.962238e-01 1.226740e-02 -9.242455e-02
-7.657586e-01 3.787313e-01 -5.289469e-01
2.381964e-02 6.335116e-01 4.520048e-01
-8.200699e-01 -7.415528e-01 -2.731579e-01
-1.434984e-01 2.441953e-01 4.266843e-01
4.682210e-01 -4.663246e-01 -5.375212e-01
-9.899467e-01 4.599746e-01 -3.456728e-01
-9.570754e-01 -7.356351e-01 -4.144132e-01
-9.871062e-01 3.538099e-01 -1.915850e-01
6.411137e-01 5.563824e-01 -5.286040e-01
8.875847e-01 7.367663e-01 1.697575e-01
9.616383e-01 -6.043934e-01 -4.837316e-01
-4.148472e-01 -7.408257e-01 -1.752761e-01
-7.959320e-01 7.370247e-01 -5.097064e-01
9.971711e-01 -4.973194e-02 7.978019e-02
3.634028e-01 -6.900621e-01 -5.087557e-01
6.823440e-01 7.316319e-01 2.220183e-01
-5.362972e-01 -2.362818e-01 4.461732e-01
9.737918e-01 2.796735e-02 -4.736286e-01
-9.231077e-01 7.269382e-01 3.453913e-01
7.361385e-01 7.244803e-01 4.409179e-01
5.199734e-01 -1.216241e-01 -5.583053e-01
-3.454774e-01 -7.436595e-01 -7.808073e-02
3.852353e-01 -5.546069e-01 4.771050e-01
-7.290085e-01 4.616590e-01 5.104401e-01
9.611414e-01 3.159782e-01 4.364130e-01
-3.008369e-01 -4.627256e-01 4.037023e-01
9.324869e-01 6.477486e-01 4.948019e-01
-9.870598e-01 3.295428e-01 3.582851e-01
-9.252243e-01 -6.542261e-02 4.723666e-01
9.004586e-01 -2.686198e-01 5.223832e-01
-6.307125e-01 -3.754006e-01 4.628863e-01
4.520379e-01 -7.357361e-01 3.506763e-01
8.012733e-01 -7.349991e-01 -1.377481e-01
-4.129541e-02 4.734464e-01 -5.294917e-01
6.172855e-01 -7.276934e-01 -4.416980e-01
1.256478e-01 -7.379720e-01 3.458749e-01
-9.952400e-01 -5.449345e-01 -8.894778e-02
-5.246489e-02 -8.900939e-02 4.312985e-01
3.039191e-01 7.371439e-01 -2.530446e-02
-2.795195e-01 5.959449e-01 4.256392e-01
1.607307e-01 7.251710e-01 4.380974e-01
-9.873497e-01 4.052178e-01 -5.009134e-01
9.983802e-01 -4.855021e-01 -1.676988e-01
3.823883e-01 1.601102e-01 -5.544843e-01
-9.906671e-01 -2.798756e-01 2.698057e-01
2.228564e-01 -7.292105e-01 -4.135404e-01
-4.930993e-01 -9.900361e-02 -5.355735e-01
6.788576e-01 -7.347788e-01 1.820120e-01
-9.901437e-01 -4.956251e-01 -3.614038e-01
-7.903372e-01 1.710162e-01 -5.223203e-01
6.521145e-01 5.457295e-03 -5.572138e-01
-9.879592e-01 5.730126e-01 2.023588e-01
9.977326e-01 8.954319e-02 1.081873e-01
5.993037e-01 2.333552e-01 5.377249e-01
-2.060091e-01 7.332236e-01 4.220071e-01
7.096587e-01 -3.460703e-01 5.428377e-01
9.947249e-01 -6.033632e-01 -3.016584e-01
-9.793948e-01 5.975001e-01 4.380030e-01
9.107935e-01 3.501844e-01 5.261246e-01
9.785899e-01 5.140407e-01 -4.771994e-01
6.282580e-01 -7.307393e-01 -2.404009e-01
7.736771e-01 4.254272e-01 5.333276e-01
-9.934976e-01 -2.005568e-01 6.255186e-02
9.855510e-01 -7.210569e-01 9.089584e-03
8.859152e-01 -5.335131e-01 -5.182045e-01
-7.790930e-01 -6.610730e-01 -5.305053e-01
8.003359e-01 2.098052e-01 5.571973e-01
-7.639136e-01 -8.066246e-02 5.024736e-01
6.225043e-01 -1.651258e-01 5.424949e-01
9.977326e-01 2.686016e-01 3.508022e-02
-6.593870e-01 7.088173e-01 -5.184380e-01
-5.527602e-01 -4.339667e-01 4.448167e-01
7.566510e-01 1.751287e-01 -5.533929e-01
9.899085e-01 6.692184e-01 1.933307e-02
-4.738522e-01 3.666209e-01 -5.345283e-01
-2.957307e-01 4.359923e-01 4.176876e-01
3.102542e-01 3.341902e-01 -5.454115e-01
9.988953e-01 -6.780528e-01 -1.173860e-01
7.386975e-01 7.371721e-01 2.131310e-02
-5.950025e-01 7.212142e-01 2.941441e-01
-8.756466e-01 7.289621e-01 3.175930e-02
4.652779e-01 5.177954e-01 -5.287133e-01
8.557436e-01 -6.410491e-01 4.951298e-01
-7.831326e-01 6.447657e-01 4.528147e-01
2.220415e-01 -4.480099e-01 -5.415442e-01
-7.657586e-01 -7.336377e-01 4.138054e-01
3.657928e-01 -7.333611e-01 1.857534e-01
-3.929766e-01 2.557277e-01 4.224907e-01
-6.540821e-01 -2.589110e-01 4.728966e-01
-3.406892e-01 1.902219e-02 -5.417777e-01
9.764252e-01 -3.134375e-01 3.721146e-01
-2.994307e-01 2.291683e-01 4.130104e-01
4.977368e-01 4.133532e-01 -5.413885e-01
9.833963e-01 -2.087651e-01 2.631940e-01
-2.417573e-02 -1.661104e-01 -5.532836e-01
-9.876229e-01 2.480891e-01 -1.956544e-01
-3.086808e-01 7.371903e-01 6.445405e-02
-9.936848e-01 2.388043e-01 -4.040137e-01
-7.157685e-01 -4.524089e-02 -5.221016e-01
5.567898e-01 7.313471e-01 -4.981856e-01
-8.824951e-01 7.426559e-01 -4.668463e-01
-9.895624e-01 6.605496e-01 -4.014581e-01
-1.160806e-01 1.423397e-01 4.259208e-01
-9.926546e-01 3.535068e-01 5.145095e-03
-8.165090e-01 -2.285058e-01 5.024885e-01
1.707943e-01 3.499824e-01 4.836538e-01
1.605157e-02 6.837949e-01 -5.114222e-01
-7.085622e-01 3.387730e-01 5.019121e-01
9.979479e-01 -5.977220e-02 -7.521196e-02
-9.941999e-01 -5.862244e-03 -3.923373e-01
-6.621595e-01 -8.127908e-02 4.783538e-01
-4.024784e-01 -3.410553e-02 4.226149e-01
1.348964e-01 7.365361e-01 6.389275e-02
-4.946727e-01 -1.949422e-01 -5.371469e-01
8.101474e-01 -4.765949e-01 5.322047e-01
-4.590372e-01 1.114550e-01 4.366001e-01
4.471553e-01 4.732079e-02 -5.583831e-01
-5.633121e-01 4.602512e-01 4.647893e-01
8.269483e-01 -2.036391e-01 5.510543e-01
-5.692149e-01 -6.784204e-01 -5.290876e-01
-8.245020e-01 -7.414319e-01 -4.257949e-02
9.754132e-01 7.342273e-01 -4.797252e-01
-8.465796e-01 2.904225e-01 5.166294e-01
2.733252e-01 -4.044079e-01 4.842318e-01
8.341165e-01 -1.229678e-01 -5.403749e-01
-1.327506e-01 -7.379819e-01 -2.455766e-01
-9.917917e-01 -6.532142e-02 2.172633e-01
-9.867882e-01 6.544381e-01 2.545418e-01
-8.998209e-01 -7.397856e-01 2.555703e-01
7.895041e-01 -7.230825e-01 -4.720552e-01
6.335513e-01 7.429424e-01 -4.347766e-01
7.951635e-01 5.165168e-01 -5.389721e-01
9.859833e-01 -4.840297e-01 2.598268e-01
7.484808e-01 7.409913e-01 -2.547290e-01
-9.879791e-01 2.988146e-02 3.891092e-01
6.757009e-02 7.383033e-01 -9.733578e-02
3.941376e-01 -7.290002e-01 -3.418370e-01
4.314609e-01 7.401450e-01 -3.733303e-01
-2.979733e-03 7.378246e-01 -2.410402e-02
9.923548e-01 5.671678e-01 -1.153124e-01
-9.307247e-01 7.482142e-01 -1.467754e-01
-4.473342e-01 -6.420147e-01 4.203541e-01
8.150283e-01 7.422335e-01 -4.416368e-01
4.975678e-01 -7.346413e-01 4.416202e-01
-9.927391e-01 -2.842381e-01 -3.604680e-01
1.941836e-01 7.395372e-02 4.870060e-01
-6.345832e-01 -7.208267e-01 4.335444e-01
-9.501225e-01 7.458226e-01 1.290951e-01
-7.595378e-01 -7.359845e-01 2.886702e-01
6.850619e-01 3.464943e-01 -5.538152e-01
2.967609e-01 -7.339043e-01 4.395151e-01
-8.352593e-01 4.951845e-01 5.186103e-01
-1.894518e-01 6.453653e-01 -5.170982e-01
9.977608e-01 -3.519698e-01 -2.236547e-01
-3.059149e-01 -2.568870e-01 4.066488e-01
2.241118e-01 5.745944e-01 4.722258e-01
3.373635e-01 7.310423e-01 4.154898e-01
8.109160e-02 -7.328195e-01 -2.812337e-01
2.469198e-01 -7.359663e-01 1.291729e-01
2.144228e-01 -6.418027e-01 4.539691e-01
-9.891682e-01 4.789683e-01 1.539007e-01
3.216293e-01 -7.346496e-01 -3.565709e-02
-4.836356e-01 7.188491e-01 4.400451e-01
8.491286e-01 6.017798e-01 5.005706e-01
-9.921296e-01 6.578152e-02 1.428153e-01
1.081626e-01 1.280937e-01 4.712751e-01
4.529753e-01 7.386263e-01 -1.888555e-01
-8.091355e-02 4.699783e-01 4.400302e-01
-2.987467e-01 8.257673e-02 4.098619e-01
-9.403110e-01 -7.383861e-01 -2.112909e-01
6.428843e-01 -7.332137e-01 4.079274e-01
-4.620929e-01 -3.651667e-01 -5.392519e-01
9.825813e-02 -7.342819e-01 -1.728911e-01
4.917495e-01 2.886271e-01 -5.516009e-01
6.804791e-02 -5.602663e-02 4.590040e-01
2.360682e-01 1.664417e-01 -5.521623e-01
-6.932603e-01 1.097893e-01 4.936177e-01
9.982394e-01 -2.245209e-01 8.954021e-02
-9.045727e-01 4.047110e-01 5.080385e-01
-4.879550e-01 7.295335e-01 2.381865e-01
8.756648e-01 -7.354413e-01 1.945464e-01
-9.910050e-01 1.465821e-01 -4.950984e-01
-5.034541e-01 -4.541861e-01 -5.357291e-01
2.307467e-01 7.358007e-01 1.172146e-01
-3.017544e-01 -6.275011e-01 4.061188e-01
-3.710861e-01 -7.381741e-01 -2.996311e-01
-9.879128e-01 6.997627e-01 -2.186512e-01
-3.959462e-01 7.391049e-01 -3.176228e-01
9.796581e-01 -2.365104e-03 2.960918e-01
-1.027934e-01 7.413955e-01 -3.967495e-01
-9.910331e-01 6.476923e-02 -2.657197e-01
8.276969e-01 6.008871e-01 -5.286819e-01
-1.272033e-01 4.145855e-02 -5.479836e-01
-5.323885e-01 7.299012e-01 -1.991143e-01
-5.188107e-01 -2.860418e-01 -5.366335e-01
-3.407273e-01 7.350455e-01 -5.068229e-01
-7.736390e-01 7.004070e-01 1.640817e-01
4.038564e-03 3.519152e-01 4.544676e-01
-9.901139e-01 3.502490e-01 -3.084870e-01
-9.938637e-01 -1.049487e-01 -3.956265e-01
-7.719911e-01 7.240215e-01 -3.615909e-01
4.673863e-01 -4.318865e-02 5.274347e-01
1.325725e-01 -1.543401e-01 -5.554201e-01
8.771454e-01 -7.332783e-01 -1.866113e-01
-2.919727e-01 7.385617e-01 -3.883457e-01
9.963281e-01 -6.430002e-02 -2.650506e-01
9.670442e-01 -2.302631e-01 4.613907e-01
-8.745220e-01 -7.236439e-01 4.249535e-01
2.941838e-01 -6.336772e-01 -5.187030e-01
9.508628e-01 4.322641e-01 -5.019585e-01
-4.823503e-01 7.298548e-01 9.693034e-02
-9.876031e-01 4.122121e-01 3.024385e-01
9.727980e-01 -7.349080e-01 4.176098e-01
-6.418077e-01 -5.110032e-01 -5.317525e-01
-2.491591e-02 -7.375215e-01 -1.188672e-01
-9.905744e-01 -6.140939e-01 -2.509875e-01
-6.128054e-01 -7.383314e-01 -3.610145e-01
-4.966221e-01 -7.425465e-01 3.004261e-01
1.884862e-01 -3.609152e-01 4.751573e-01
6.447028e-01 -4.752418e-01 -5.313633e-01
-1.171301e-01 -7.350372e-01 -3.888293e-01
1.286651e-01 -6.646356e-01 4.473889e-01
5.936145e-02 -7.371721e-01 1.115705e-01
-8.887457e-01 -5.713282e-01 4.753594e-01
-4.828290e-01 -6.060694e-01 -5.312540e-01
-8.800588e-01 -1.225997e-01 -5.165665e-01
1.754135e-02 3.782344e-01 -5.381141e-01
-9.887840e-01 -3.544823e-01 -2.799402e-01
9.470668e-02 -7.363257e-01 2.619319e-02
9.888784e-01 -7.080074e-01 2.096396e-01
-7.322315e-01 7.184997e-01 3.752946e-01
4.953385e-01 6.420975e-01 4.675486e-01
1.245047e-01 -4.722324e-01 -5.391426e-01
2.636362e-01 -1.043504e-01 -5.587723e-01
2.853296e-02 5.068626e-01 4.580219e-01
9.768657e-01 -5.365689e-01 4.017066e-01
9.909768e-01 -4.671163e-01 -3.756540e-01
-9.972175e-01 -6.383246e-01 -3.562579e-02
2.552407e-01 -7.322663e-01 -2.245292e-01
8.281093e-01 -7.332137e-01 3.868170e-01
-9.957832e-01 -1.566868e-01 -6.345617e-02
-6.373292e-01 1.933240e-01 4.820174e-01
-9.959240e-01 -4.424698e-01 -1.449668e-01
3.425823e-02 -6.003902e-02 -5.536745e-01
-9.336777e-01 -7.402179e-01 -1.122253e-01
9.645616e-01 -1.078015e-01 4.699336e-01
6.742666e-01 -7.328824e-01 -9.346914e-02
8.322797e-02 6.134579e-02 -5.525681e-01
4.337928e-01 7.354330e-01 7.242103e-02
-9.911176e-01 2.617464e-01 1.612752e-01
5.008571e-01 -7.329569e-01 -1.183363e-02
-2.951312e-01 7.312444e-01 3.316710e-01
4.611837e-01 -2.655193e-01 -5.504945e-01
8.783910e-01 -7.047413e-01 -4.937883e-01
7.296080e-01 -2.493031e-01 5.448815e-01
8.268821e-01 -7.349726e-01 -9.261170e-03
-1.769505e-01 -1.638742e-01 -5.504315e-01
9.885687e-01 -9.130095e-02 1.674338e-01
-9.877074e-01 -4.409527e-01 -2.839466e-01
-3.280952e-01 -2.536375e-01 -5.433843e-01
-1.118452e-01 -7.463277e-01 1.889036e-01
-3.033958e-01 -7.456205e-01 -2.681610e-03
9.139801e-01 1.292809e-01 5.151488e-01
-9.927855e-01 -4.409974e-01 -4.310816e-01
-4.359575e-01 4.665913e-01 -5.315819e-01
-1.502639e-01 5.456152e-01 4.313615e-01
4.051300e-01 -7.329569e-01 1.092319e-01
1.375013e-01 -7.348715e-01 -6.272328e-02
-7.538487e-02 1.100103e-01 -5.482801e-01
-2.504062e-01 -7.339871e-01 -4.385644e-01
5.619059e-01 1.473644e-01 -5.567137e-01
9.886349e-01 2.833918e-01 1.627408e-01
-5.083069e-01 -7.429507e-01 4.661772e-02
-7.059007e-01 6.107069e-01 4.698723e-01
5.150063e-01 7.374105e-01 -6.981727e-02
4.617269e-01 -5.178782e-01 4.896096e-01
-6.076710e-01 -3.128032e-01 -5.349656e-01
6.177724e-01 3.170084e-01 5.351047e-01
-5.598638e-01 7.236986e-01 -5.913737e-02
-5.720818e-01 -1.360082e-01 -5.327661e-01
9.967869e-01 3.531391e-01 -2.800180e-02
-9.860297e-01 5.946298e-01 -1.876398e-01
4.767291e-01 -4.308928e-01 5.031891e-01
-3.692030e-01 -7.481049e-01 1.696796e-01
-8.385303e-01 6.581845e-02 -5.174410e-01
-1.681708e-01 3.848792e-01 4.245163e-01
9.974891e-01 1.870751e-01 -2.046345e-01
-2.270549e-01 -7.409814e-01 -1.626628e-01
-1.494298e-01 -2.991177e-01 4.089096e-01
-2.227819e-01 7.383314e-01 -2.742494e-02
-6.970084e-01 -5.579741e-01 4.578198e-01
2.901260e-01 -2.610276e-01 -5.538765e-01
5.715949e-02 7.398137e-01 -3.345247e-01
-8.820181e-01 7.031397e-01 4.509746e-01
-6.784171e-02 -2.274011e-02 -5.506800e-01
9.678227e-01 3.914131e-01 3.813134e-01
4.556369e-01 -6.832334e-01 -5.074456e-01
2.420936e-01 -5.553158e-01 4.671279e-01
-9.901901e-01 -5.380876e-02 3.021420e-01
3.659336e-01 7.380366e-01 -1.047572e-01
-4.846376e-01 -7.370429e-01 -3.680767e-01
6.712953e-02 2.453381e-01 -5.462065e-01
-9.851949e-01 -4.881985e-01 4.111388e-01
-5.427052e-01 6.470116e-01 -5.208710e-01
9.440209e-01 7.217575e-01 4.516620e-01
-8.083388e-01 7.183059e-01 -1.773033e-01
5.630769e-01 5.047277e-01 5.022864e-01
-9.066711e-01 -7.424902e-01 9.540246e-02
5.947590e-01 7.396017e-01 -2.210991e-01
-5.141169e-01 7.363439e-01 -4.024701e-01
4.334467e-01 7.276653e-01 4.371765e-01
3.234197e-01 1.140778e-01 5.084907e-01
-8.547034e-01 1.044609e-01 5.079607e-01
9.720295e-01 6.616262e-01 3.217866e-01
-5.820706e-01 -7.386908e-01 3.518937e-01
7.784554e-01 -7.291012e-01 -3.409327e-01
-1.144220e-01 2.162198e-01 -5.451299e-01
8.715507e-01 3.287047e-01 -5.384569e-01
3.247413e-01 4.154136e-01 -5.335462e-01
9.650021e-01 -5.699850e-01 4.768400e-01
-6.217540e-01 7.169445e-01 9.070952e-02
-5.325210e-01 -7.401815e-01 2.061002e-01
8.626683e-01 3.832959e-02 5.532687e-01
1.255592e-03 -6.711976e-01 4.341837e-01
-9.584152e-01 4.858715e-01 -5.115465e-01
9.772864e-01 -2.996709e-01 -4.726001e-01
9.913893e-01 1.979334e-01 -3.655824e-01
-3.180700e-01 7.350189e-01 1.680582e-01
5.316018e-01 -2.877444e-01 5.254224e-01
-2.235503e-01 -3.113126e-01 -5.459879e-01
-9.046754e-01 -3.826715e-01 4.787894e-01
8.030902e-01 -7.353867e-01 1.491142e-01
-7.570734e-01 -7.426939e-01 9.105319e-03
-1.139910e-01 -2.929251e-02 4.228948e-01
9.918397e-01 -2.308610e-01 -3.653174e-01
-4.022714e-01 7.304080e-01 4.143205e-01
8.042065e-01 7.328559e-01 2.147210e-01
-9.906589e-01 -1.156607e-01 -2.584240e-01
-1.668690e-01 7.243064e-01 -5.104401e-01
-4.072384e-01 4.869199e-02 4.243457e-01
9.060153e-01 -3.997787e-01 -5.112202e-01
-8.207159e-01 7.262210e-01 -2.954376e-01
-6.244155e-01 7.211132e-01 3.707118e-01
3.106203e-01 3.782262e-01 5.019270e-01
7.268338e-01 -5.267407e-01 5.084129e-01
3.452439e-01 -5.549381e-01 -5.278703e-01
7.216432e-01 7.390585e-01 -8.483170e-02
-9.597170e-01 7.479210e-01 -5.078050e-02
9.571035e-01 5.167089e-01 4.395002e-01
9.145565e-03 5.605876e-01 -5.225074e-01
-7.786243e-01 -7.421772e-01 -3.498035e-01
9.245784e-01 -7.296991e-01 -3.892335e-01
1.588846e-01 4.466121e-01 4.784151e-01
-7.768356e-01 -7.401715e-01 -4.607033e-01
7.118317e-01 -7.301496e-01 -2.734063e-01
5.658411e-01 4.871037e-02 -5.583666e-01
-9.912766e-01 1.204553e-01 2.088446e-01
9.845026e-01 6.765804e-01 -2.745458e-01
8.318292e-01 -1.098261e-01 5.547659e-01
9.975637e-01 -2.012922e-01 -2.147524e-01
2.991972e-01 -2.357303e-01 4.986063e-01
-5.371684e-01 2.712433e-01 -5.342783e-01
-6.040439e-01 7.258799e-01 -2.369393e-01
-2.213293e-01 -7.521162e-01 2.191812e-01
8.162755e-01 -3.760913e-01 5.458322e-01
9.800043e-01 5.154022e-01 2.566784e-01
-9.548444e-01 3.314110e-01 -5.093635e-01
3.923207e-01 -6.620402e-01 4.591763e-01
9.973765e-01 -5.730209e-01 -8.869835e-02
4.318252e-01 6.667605e-01 -5.123414e-01
-9.901619e-01 4.233337e-04 -1.975706e-01
7.201443e-01 7.294043e-01 3.251703e-01
6.161890e-01 4.054480e-01 -5.458471e-01
-9.934131e-01 4.497225e-01 7.640213e-04
1.680482e-01 7.387455e-01 -1.063007e-01
9.984167e-01 -6.416835e-01 6.994215e-02
-9.843519e-01 5.302105e-01 3.939107e-01
-9.924476e-01 6.205267e-01 -5.893464e-02
3.924333e-02 -7.302142e-01 -4.708229e-01
-2.451576e-01 -3.173860e-01 4.033446e-01
5.896230e-01 -7.340252e-01 1.411470e-01
-5.765421e-01 5.354840e-01 -5.273569e-01
-7.829818e-01 7.052382e-01 -2.962326e-02
9.703898e-01 3.793391e-02 3.977929e-01
-5.885829e-01 -5.245777e-01 4.499461e-01
7.357461e-01 -7.340153e-01 3.858978e-01
3.353760e-01 -7.305372e-01 -2.065358e-01
-1.399189e-01 5.522965e-01 -5.244104e-01
-2.671872e-01 4.957824e-01 -5.301940e-01
9.756931e-01 -1.204002e-01 3.527980e-01
9.090511e-01 -7.339971e-01 3.400897e-01
-2.665512e-01 -7.433747e-01 -9.002350e-02
9.252442e-01 7.436413e-01 -2.958119e-01
-9.958777e-01 -3.564616e-01 -8.740417e-02
4.596185e-01 -7.307575e-01 -1.902434e-01
1.468062e-01 7.300204e-01 3.444091e-01
5.539974e-01 -5.948418e-01 -5.179230e-01
-9.664646e-02 6.492392e-01 4.396095e-01
6.936263e-01 -7.324965e-01 2.114168e-02
-2.229409e-01 7.390867e-01 -2.493031e-01
-1.217123e-01 7.323591e-01 3.676097e-01
6.684101e-01 -6.607699e-01 4.718200e-01
7.885667e-01 6.686022e-01 -5.145095e-01
3.671327e-01 7.166861e-01 -5.016157e-01
6.524059e-01 -5.642876e-01 -5.205431e-01
-4.231681e-01 -3.443048e-01 4.223814e-01
-6.763932e-01 5.546897e-01 -5.260319e-01
-9.905363e-01 6.596569e-01 5.848249e-02
3.073674e-01 -4.758943e-01 4.814245e-01
-7.020118e-01 7.150017e-01 -1.713938e-01
1.460753e-01 -1.090808e-01 4.742845e-01
-8.120305e-01 -2.665860e-01 -5.223517e-01
5.711825e-01 -5.516621e-01 4.893297e-01
9.825814e-01 2.524417e-01 -4.341058e-01
-8.576731e-02 -7.458226e-01 2.940497e-01
-9.917834e-01 -4.207053e-01 2.115575e-01
-2.010703e-01 -6.105048e-01 4.021124e-01
9.472920e-01 7.394726e-01 -1.839763e-02
-9.061941e-01 -7.427668e-01 7.800868e-05
7.814366e-01 7.275361e-01 3.742976e-01
-6.946002e-01 7.266533e-01 -3.483377e-01
3.869611e-01 -3.480777e-01 5.031742e-01
-8.081599e-01 4.448631e-01 -5.293046e-01
7.376954e-01 1.625398e-01 5.538451e-01
6.285114e-01 -2.612032e-01 -5.497459e-01
1.251231e-01 -4.872230e-01 4.581478e-01
-9.931697e-01 -2.728167e-01 1.592016e-01
2.896573e-01 -7.329751e-01 -1.161231e-01
9.970585e-01 -5.657136e-01 3.375490e-02
-4.371765e-01 5.734168e-01 4.324066e-01
-3.848610e-01 -3.519235e-01 -5.401563e-01
-1.444355e-01 -3.799834e-02 -5.489807e-01
-9.890092e-01 -2.971683e-01 -2.232340e-01
-3.147526e-02 -4.401875e-01 4.302700e-01
-7.427271e-01 -4.618793e-01 4.755929e-01
3.794451e-01 1.441156e-02 5.158345e-01
7.730875e-01 -7.351465e-01 2.355199e-01
2.201103e-02 -3.846490e-01 4.429303e-01
-4.666741e-01 -5.300251e-01 -5.353697e-01
-2.127103e-03 -4.206142e-01 -5.444128e-01
7.649438e-01 7.424637e-01 -3.822028e-01
-1.799682e-01 -4.975314e-01 -5.394557e-01
-1.392447e-02 -6.441496e-01 -5.233802e-01
9.745785e-01 2.415188e-01 3.371432e-01
-9.970403e-01 5.898996e-02 -4.714772e-01
6.822596e-02 6.265074e-01 -5.163959e-01
1.557737e-01 -2.496725e-02 4.779944e-01
9.713935e-01 7.372085e-01 1.783003e-01
9.987545e-01 -4.087241e-01 -1.919278e-02
-3.785077e-01 -7.443137e-01 1.615243e-02
7.218585e-01 3.680386e-01 5.370227e-01
-4.441575e-01 7.383960e-01 -4.564170e-01
3.153323e-01 -7.374934e-01 3.644910e-01
-6.621230e-01 1.044521e-02 -5.245959e-01
-9.943589e-01 -6.722642e-01 -3.316247e-01
-9.969641e-01 -5.789486e-01 -1.824641e-01
-5.406167e-01 2.646084e-01 4.510690e-01
1.777372e-01 4.503933e-01 -5.339520e-01
9.734638e-01 -4.188652e-01 4.328421e-01
9.951091e-01 4.756194e-01 9.948740e-02
3.915522e-01 -4.582356e-01 -5.378955e-01
1.682834e-01 6.656293e-01 -5.116094e-01
-4.916468e-01 -7.416903e-01 -1.911163e-01
-1.013972e-01 -7.316684e-01 -4.754687e-01
-1.127916e-01 -4.472000e-01 -5.421520e-01
-9.874905e-01 5.340845e-01 -2.547124e-01
-9.940227e-01 -2.767370e-01 5.276053e-02
3.226230e-01 4.783803e-01 4.887831e-01
-2.274673e-01 -5.794074e-02 4.039210e-01
9.907151e-01 -6.281089e-01 -3.978873e-01
7.999798e-01 -5.290694e-01 -5.229281e-01
-7.661065e-01 -4.391756e-01 -5.287431e-01
-9.942843e-01 -1.030069e-01 3.978873e-02
1.908380e-01 -6.214840e-01 -5.223832e-01
-9.959521e-01 9.221206e-02 -9.699278e-02
-5.165715e-01 7.395090e-01 -5.028462e-01
9.973765e-01 -5.085189e-01 8.974294e-02
8.876775e-01 7.408522e-01 -1.157801e-01
7.723472e-01 -6.397689e-01 -5.060892e-01
3.042106e-01 -5.416767e-02 5.038764e-01
1.527002e-01 -7.305090e-01 -4.425709e-01
-3.935943e-01 -6.605397e-01 -5.275125e-01
1.273064e-01 7.411387e-01 -4.336537e-01
8.730976e-01 7.337205e-01 2.461845e-01
-4.792217e-01 -1.871016e-01 4.384087e-01
8.374141e-01 -2.936803e-01 -5.377398e-01
8.236590e-02 -7.383679e-01 2.633199e-01
-8.056590e-01 -1.088691e-01 -5.176894e-01
-9.929544e-01 1.012291e-03 1.037282e-01
-9.365347e-01 -2.365948e-01 4.569006e-01
9.882971e-01 -1.340756e-01 -4.323585e-01
9.884378e-01 -5.255069e-01 1.728447e-01
9.929544e-01 5.535850e-01 9.881696e-02
9.803140e-01 4.407225e-01 2.677470e-01
-9.948193e-01 -6.998819e-01 -2.597805e-01
9.713090e-01 5.790579e-01 3.299717e-01
-1.435734e-01 -1.782573e-01 4.111388e-01
8.050396e-01 -7.187381e-01 4.636813e-01
-7.865991e-01 -7.419387e-01 -1.856441e-01
-4.324811e-01 5.824730e-01 -5.251110e-01
9.526516e-01 7.417085e-01 -1.587339e-01
-9.928235e-01 8.232830e-02 -3.386869e-01
-9.930571e-01 -6.673038e-01 -4.388294e-01
5.691685e-01 -7.323955e-01 3.829199e-02
-3.930412e-01 -7.336012e-01 -4.724444e-01
-9.880437e-01 -1.642424e-01 3.851807e-01
1.027926e-02 7.323408e-01 3.651618e-01
-1.059230e-01 6.606043e-01 -5.145095e-01
9.976018e-01 -4.910803e-01 -8.717031e-02
6.360920e-01 6.197251e-01 4.800051e-01
-9.509754e-01 -7.325329e-01 3.804091e-01
9.870979e-01 4.184975e-01 1.647364e-01
9.815975e-01 6.725027e-01 -3.491178e-01
-9.895624e-01 3.007292e-01 2.293621e-01
3.702712e-01 -3.496511e-01 -5.486080e-01
5.360902e-01 -7.284387e-01 -4.617650e-01
-9.927291e-01 2.827276e-01 2.981041e-02
-9.230033e-01 -6.683985e-01 -5.258133e-01
9.521182e-01 9.708039e-02 -4.913255e-01
-9.844927e-01 2.883141e-01 4.203078e-01
9.987926e-01 1.978605e-01 -1.241058e-01
-9.896187e-01 -5.288110e-01 2.616040e-01
-8.475071e-01 -4.620532e-01 4.869911e-01
-4.865953e-01 -7.347241e-01 -4.578198e-01
7.247917e-01 5.620699e-01 5.011006e-01
-2.755743e-01 -3.885147e-01 4.001630e-01
-1.896853e-01 8.149075e-02 -5.460342e-01
-8.569990e-01 -6.141949e-02 5.013341e-01
3.174042e-01 7.295053e-01 3.440348e-01
-8.851202e-01 7.236075e-01 2.687772e-01
-3.326399e-01 -7.500460e-01 3.395133e-01
-8.034181e-02 -2.495516e-01 -5.507744e-01
-9.932641e-01 -4.206142e-01 1.272553e-01
7.396349e-01 -1.218542e-01 -5.519751e-01
-7.540458e-01 -3.661704e-01 -5.265138e-01
2.850762e-01 5.834022e-01 -5.196388e-01
-9.947166e-01 1.374713e-01 -3.232060e-02
4.039673e-01 -1.594385e-01 5.158808e-01
5.355569e-01 -3.765782e-01 5.105030e-01
-9.921395e-01 -3.470376e-01 2.090931e-01
-2.350380e-01 5.283506e-01 4.237527e-01
-9.579283e-01 6.703694e-01 -5.150246e-01
-9.109625e-01 -2.128693e-01 -5.172058e-01
-3.914396e-01 1.965802e-01 -5.393298e-01
7.000442e-01 -7.268189e-01 -4.366929e-01
6.096568e-01 -1.623649e-01 -5.537059e-01
-8.855508e-01 -7.398502e-01 -3.447834e-01
-9.946785e-01 -3.682407e-01 -4.394224e-01
-9.946785e-01 -5.349772e-01 -1.640186e-02
-4.965658e-01 6.250813e-01 4.423059e-01
-1.340812e-01 7.196855e-01 4.386274e-01
-4.568079e-02 -7.432736e-01 2.328700e-01
9.903209e-01 -6.314032e-01 1.699132e-01
-4.065908e-01 7.318887e-01 2.228448e-01
-1.209908e-01 -6.407808e-01 -5.257039e-01
-4.376452e-01 3.211125e-01 4.332794e-01
-4.243854e-01 -5.224329e-01 4.201206e-01
-5.207137e-02 -1.735917e-01 4.293972e-01
3.597856e-01 7.395189e-01 -2.630085e-01
3.140967e-02 -7.339225e-01 -2.216904e-01
9.809218e-01 6.725126e-01 -4.338094e-01
-9.945477e-01 2.377459e-01 -4.813003e-02
4.516719e-01 4.396079e-01 5.050292e-01
-2.013800e-01 -5.677657e-01 -5.329384e-01
8.747174e-01 1.814058e-01 5.510245e-01
-3.878687e-01 -7.066095e-01 4.167833e-01
-7.851184e-01 5.599897e-02 5.097378e-01
9.431414e-01 6.718783e-01 -5.146337e-01
2.341569e-01 -5.615002e-01 -5.294917e-01
9.598198e-01 1.652731e-01 4.668778e-01
4.123032e-03 -7.392142e-01 6.462547e-02
-1.397690e-01 -7.423163e-01 -6.517119e-02
-5.755119e-01 3.383225e-01 4.664107e-01
4.655776e-01 -7.301215e-01 -3.247182e-01
-8.776887e-01 5.527469e-01 5.069786e-01
-2.671789e-01 -7.482605e-01 7.285762e-02
-5.768518e-01 -8.071778e-02 4.632457e-01
9.941435e-01 -5.049016e-01 -3.140056e-01
2.428902e-01 -2.799120e-01 4.880345e-01
4.679858e-01 7.294971e-01 3.736433e-01
-7.818672e-02 -7.356433e-01 -3.278832e-01
9.893935e-01 -2.501594e-01 1.696167e-01
9.842956e-01 1.300815e-01 2.368300e-01
-7.602119e-01 7.130506e-01 3.088928e-01
-8.017321e-02 2.863167e-01 4.366001e-01
3.938759e-01 4.936376e-01 4.919962e-01
1.553052e-01 7.353502e-01 2.401359e-01
-1.046300e-01 -3.960141e-01 4.146948e-01
2.421681e-01 7.379637e-01 -6.644965e-02
-4.010722e-01 7.345949e-01 -5.237082e-02
-6.368688e-01 7.163366e-01 2.328849e-01
1.889831e-01 7.392523e-01 -2.850066e-01
6.020481e-02 -1.273024e-01 -5.543751e-01
-9.491850e-01 -3.092423e-01 4.463289e-01
9.979479e-01 -5.840100e-02 4.303230e-03
2.679374e-01 7.317793e-01 -5.054035e-01
-9.891219e-01 -1.672615e-01 -1.809669e-01
4.489557e-01 -3.759339e-02 -5.579625e-01
3.305514e-01 1.940594e-01 5.089429e-01
8.892045e-01 7.418277e-01 -4.332479e-01
-5.615117e-01 3.643386e-01 -5.321119e-01
4.740112e-01 2.338703e-01 5.248460e-01
9.660704e-01 -3.747199e-01 -4.807222e-01
9.708304e-01 1.076175e-01 3.803627e-01
-6.237415e-01 -7.272413e-01 -5.140573e-01
4.582405e-01 3.548235e-01 5.152415e-01
-2.392167e-01 7.352674e-01 1.698188e-01
-1.973603e-01 -9.535940e-02 -5.484987e-01
-9.916509e-01 -6.396215e-01 2.570676e-01
-5.497525e-01 -7.382851e-01 -3.273367e-01
-9.233594e-01 -5.460657e-01 -5.218366e-01
3.964331e-01 5.598804e-01 -5.221960e-01
9.942562e-01 5.008621e-01 -3.902471e-02
5.091499e-01 -3.252813e-01 -5.454429e-01
-5.146983e-01 -5.901199e-01 4.292249e-01
-7.917533e-01 -7.419569e-01 -1.059109e-01
-7.157023e-01 7.130689e-01 -5.445999e-02
-7.924837e-01 -3.167517e-01 4.948483e-01
8.647386e-01 7.390022e-01 4.537091e-03
-9.839213e-01 7.051554e-01 3.129622e-01
-3.116968e-01 6.622241e-01 4.310021e-01
3.139841e-01 6.262589e-01 4.663329e-01
-7.263850e-01 -2.593449e-01 4.864909e-01
9.804631e-01 -5.334767e-01 -4.669407e-01
-3.592622e-02 -9.610487e-02 -5.523644e-01
2.506579e-02 4.286304e-01 4.589262e-01
-5.434107e-04 -7.413491e-01 4.220385e-01
-6.028083e-01 7.190876e-01 7.701990e-03
2.779361e-01 -7.363522e-01 2.326828e-01
-4.557114e-01 7.304080e-01 3.113093e-01
-1.934052e-01 -4.781220e-01 4.017066e-01
-2.359373e-01 6.695314e-01 4.301922e-01
2.102905e-01 -7.380913e-01 3.695889e-01
9.019211e-01 7.414783e-01 -2.289248e-01
-8.847078e-01 -2.005651e-01 4.919962e-01
-7.879672e-01 -5.762241e-01 -5.285411e-01
-2.719472e-01 1.617024e-01 -5.434770e-01
-9.470303e-01 -3.390959e-01 -5.163330e-01
-2.861444e-01 3.426568e-01 4.154119e-01
6.388463e-01 -6.642580e-01 -5.059815e-01
-9.458858e-01 5.548272e-01 -5.187809e-01
2.427030e-01 1.241825e-01 4.963290e-01
7.028284e-01 -3.236714e-01 -5.439291e-01
-4.153987e-01 5.037886e-01 4.280093e-01
3.014464e-02 -7.326257e-01 -3.297382e-01
9.835469e-01 -3.753907e-01 2.821065e-01
2.508269e-01 -1.581961e-01 4.926041e-01
-6.421638e-01 1.537327e-01 -5.282611e-01
9.118336e-02 -2.606964e-01 4.594728e-01
-9.830965e-01 3.643568e-01 4.320157e-01
9.935440e-01 3.436870e-01 -2.473389e-01
-2.262119e-01 -7.391777e-01 -2.451559e-01
-8.080755e-01 7.116064e-01 3.603123e-02
-9.922323e-01 6.883694e-01 -3.406677e-02
5.664606e-01 7.281439e-01 3.731746e-01
2.427030e-01 -7.348069e-01 1.959807e-02
9.851105e-01 1.341123e-01 -4.292100e-01
-6.653262e-01 -3.518142e-01 -5.304275e-01
7.936927e-01 6.151141e-02 5.585388e-01
-6.187943e-01 4.749751e-01 -5.294305e-01
-9.917834e-01 -5.354641e-01 -4.185290e-01
-9.427472e-01 7.481131e-01 -3.811743e-01
-9.349514e-01 -8.008278e-02 -5.105958e-01
-3.725767e-01 -7.494944e-01 2.680600e-01
3.054942e-01 1.631840e-01 -5.486544e-01
8.614493e-01 7.304444e-01 3.197445e-01
-9.931415e-01 -1.444196e-01 1.057862e-01
-9.379690e-01 1.840574e-03 4.602678e-01
8.697901e-01 2.809704e-01 5.526459e-01
-6.450688e-01 -6.480617e-01 4.397652e-01
3.915058e-01 9.869075e-02 5.178932e-01
4.324165e-01 -7.352575e-01 -8.905692e-02
-2.959179e-02 -5.246423e-01 4.316116e-01
5.389008e-01 2.377542e-01 -5.547974e-01
9.408078e-01 -4.000454e-01 4.945684e-01
-4.061503e-01 -8.592647e-02 -5.399393e-01
7.566510e-01 -4.432069e-01 -5.325955e-01
-3.247132e-01 -1.740985e-01 -5.440550e-01
8.450228e-01 -3.621673e-01 -5.308018e-01
-3.341107e-01 -5.252220e-01 4.070082e-01
3.373354e-01 -1.749812e-01 5.056850e-01
5.792318e-01 -7.288793e-01 -3.279445e-01
9.927391e-01 -1.147405e-01 -3.581608e-01
9.350259e-01 2.571901e-01 -5.063243e-01
-3.656239e-01 -2.229375e-01 4.140704e-01
1.989238e-01 -1.283698e-01 -5.568081e-01
8.520518e-02 -1.386678e-01 4.605957e-01
-6.609703e-01 -7.405491e-01 -1.069400e-01
-9.886631e-01 -2.408828e-01 -5.069156e-01
-6.635557e-01 -6.708200e-01 -5.283390e-01
-9.052369e-01 6.169741e-01 -5.224759e-01
7.588621e-01 4.562100e-01 -5.465642e-01
9.891401e-01 6.891976e-01 -1.841949e-01
-9.880072e-01 -4.461699e-01 -2.131939e-01
-5.827828e-01 7.230079e-01 4.295844e-01
-8.801631e-01 -7.392324e-01 -4.681713e-01
9.333398e-01 -2.514844e-01 -4.997590e-01
-9.889065e-01 1.457447e-01 -1.942035e-01
6.807607e-01 7.403835e-01 -2.655806e-01
-9.613203e-01 -7.377699e-01 4.053702e-02
-3.566752e-01 -4.103902e-01 4.103439e-01
-4.679775e-01 7.342173e-01 -2.511747e-01
7.648974e-01 2.815964e-01 5.506800e-01
8.380235e-01 -7.343647e-01 -7.673983e-02
2.314307e-01 2.834282e-01 4.938347e-01
7.176798e-02 1.371033e-01 -5.503686e-01
-3.579489e-01 5.438861e-01 -5.270604e-01
-9.957004e-01 -2.977927e-01 -1.220789e-01
1.332847e-01 2.933209e-01 4.785559e-01
7.184201e-01 5.189266e-01 -5.403434e-01
7.917963e-03 -5.782016e-01 -5.307703e-01
-4.923407e-01 2.118673e-01 -5.357126e-01
-6.435881e-01 -7.396929e-01 6.874154e-02
9.919706e-01 5.063376e-01 -1.818861e-01
-9.364784e-01 1.718443e-01 4.663478e-01
9.830120e-01 5.840548e-01 1.933456e-01
6.763750e-01 2.792495e-01 -5.564487e-01
9.699692e-01 3.228350e-01 3.694961e-01
5.186616e-01 -7.351663e-01 2.720201e-01
8.822516e-01 4.025215e-01 -5.354641e-01
-7.654307e-01 -6.025715e-01 4.563690e-01
-4.867923e-01 -3.952969e-01 4.373637e-01
7.885203e-01 3.440100e-01 -5.494179e-01
-6.988550e-01 4.471918e-01 -5.293675e-01
3.348046e-02 -7.358835e-01 -1.532458e-01
-1.732124e-01 -3.596631e-01 -5.456135e-01
9.980705e-01 -3.356990e-01 8.402098e-02
9.912303e-01 -4.021620e-01 -3.967180e-01
-9.887277e-01 4.434089e-01 -2.702264e-01
-6.527703e-01 7.328195e-01 -4.273070e-01
7.254376e-01 1.590251e-02 -5.537672e-01
-6.821188e-01 -7.389012e-01 1.388707e-01
-5.721199e-01 2.105505e-01 -5.328439e-01
9.964308e-01 9.049106e-02 -2.770716e-01
-2.483260e-01 -7.511788e-01 3.026869e-01
-3.026637e-01 -7.500195e-01 1.586870e-01
-3.904177e-01 7.396017e-01 -1.288144e-01
-3.202149e-01 -7.370710e-01 -3.438477e-01
8.382769e-01 3.897204e-01 5.462529e-01
5.806942e-01 5.961304e-01 -5.188273e-01
-8.024724e-01 5.866136e-01 -5.255317e-01
5.667968e-01 -6.279433e-01 4.745644e-01
7.764033e-01 7.396465e-01 -1.406637e-01
-5.939524e-01 6.057465e-01 4.677672e-01
-7.740713e-01 3.272787e-01 5.117502e-01
9.987645e-01 -3.282542e-01 -1.029955e-01
-3.659700e-01 4.556667e-01 4.222257e-01
9.686011e-01 -7.331871e-01 -2.874082e-01
-9.892527e-01 -5.583699e-01 -3.374563e-01
3.923671e-01 -6.300136e-01 -5.167239e-01
2.929665e-01 7.402825e-01 -3.768233e-01
2.235123e-01 -7.309777e-01 -3.297531e-01
-9.068782e-01 -1.913266e-02 -5.118893e-01
6.153742e-01 -7.350637e-01 2.555703e-01
-9.382870e-01 6.532423e-01 4.819545e-01
8.055183e-01 6.492111e-01 4.820638e-01
9.842111e-01 -6.522569e-01 3.195722e-01
9.983421e-01 8.719647e-02 -2.025294e-02
4.552328e-01 5.918590e-01 -5.200910e-01
-5.840581e-02 -7.438069e-01 3.703060e-01
-9.903392e-01 1.872208e-01 2.041194e-01
-5.799622e-01 -7.401351e-01 -1.972758e-01
-1.312232e-01 -7.440918e-01 7.203132e-03
-5.664324e-01 5.109386e-02 4.583962e-01
-5.972036e-01 -7.393897e-01 1.758690e-01
-9.885786e-01 5.264360e-01 -3.397468e-01
-8.718322e-01 7.208647e-01 1.931121e-01
7.985836e-01 -5.409032e-01 5.187494e-01
-1.311854e-02 3.172668e-01 -5.417164e-01
-1.826860e-01 -7.342919e-01 -4.010060e-01
-8.343881e-01 -7.398949e-01 2.393094e-01
3.021950e-02 2.546412e-01 4.585685e-01
4.100590e-01 4.524652e-01 -5.362425e-01
-5.035386e-01 4.183584e-01 4.482153e-01
6.901018e-01 3.096464e-01 5.400469e-01
-7.888284e-01 -1.587114e-01 5.076179e-01
2.314771e-01 7.342819e-01 2.096860e-01
2.122498e-01 5.938928e-01 -5.179230e-01
-7.402063e-01 -2.347813e-01 -5.243011e-01
-2.158936e-01 2.444537e-01 4.146004e-01
6.682312e-01 1.476588e-01 5.484043e-01
9.984167e-01 -1.293270e-01 1.138937e-01
3.769707e-02 -5.356579e-01 4.420574e-01
9.822899e-01 5.405719e-01 -4.049180e-01
8.998491e-01 -7.343101e-01 3.851078e-03
-4.374945e-01 1.887677e-01 4.315321e-01
9.986883e-01 -1.203818e-01 -4.848860e-02
8.375929e-01 1.750558e-01 -5.453635e-01
7.361385e-02 -2.508583e-01 -5.531908e-01
9.956342e-01 4.014996e-01 -7.299790e-02
-3.703756e-01 7.359381e-01 8.784075e-02
-9.868826e-01 1.497111e-01 3.911199e-01
9.770330e-01 1.646197e-01 3.242958e-01
-9.741015e-01 7.118830e-01 1.844599e-01
-5.996681e-01 3.794319e-02 -5.292748e-01
8.309680e-01 7.408340e-01 -2.374544e-01
-2.308113e-01 -7.172475e-01 -5.208230e-01
-6.314910e-01 4.305068e-02 4.804887e-01
-8.929807e-01 7.412116e-01 -2.870173e-01
-9.959803e-01 -1.205567e-01 -4.730671e-01
-2.761176e-01 3.051646e-02 -5.439457e-01
-5.442057e-01 -6.639168e-01 4.289450e-01
9.120407e-01 -6.442423e-01 -4.994940e-01
8.474508e-01 7.423527e-01 -3.807370e-01
-2.791535e-01 -1.847182e-01 4.032668e-01
9.970867e-01 -1.351523e-01 -2.408530e-01
6.017864e-01 -4.246074e-01 -5.343727e-01
1.030463e-01 6.733408e-01 4.520197e-01
-7.967468e-01 2.482266e-01 5.196074e-01
-1.161932e-02 6.169559e-02 4.446296e-01
-4.058422e-01 7.363705e-01 -5.118744e-01
-6.388927e-01 -1.345265e-01 -5.286504e-01
9.830965e-01 6.871538e-01 9.535575e-02
-9.935159e-01 -3.806923e-01 4.775589e-02
1.994306e-01 -2.881303e-01 -5.537987e-01
9.968714e-01 -5.231981e-01 -2.292213e-01
5.564337e-01 6.645710e-01 4.637906e-01
-4.620731e-01 7.335913e-01 -2.938940e-02
-4.328289e-01 -7.353403e-01 -4.208378e-01
-5.404014e-01 -7.355341e-01 -5.016620e-01
-5.427251e-01 -5.258480e-02 -5.334518e-01
-5.685971e-02 -6.429538e-01 4.265286e-01
-4.012975e-01 4.243407e-02 -5.392834e-01
-4.811711e-01 7.312079e-01 1.735453e-01
2.031604e-01 7.273241e-01 -5.078994e-01
-7.927735e-01 -7.241408e-01 -5.232875e-01
-8.884559e-01 -7.404663e-01 -2.735156e-01
5.127389e-01 6.128136e-02 5.334518e-01
-2.920473e-01 -5.738126e-01 -5.317376e-01
5.393613e-02 1.766872e-03 -5.530815e-01
7.658067e-01 -7.747835e-02 5.556239e-01
-5.700678e-01 2.078641e-01 4.616077e-01
-7.204441e-01 7.304726e-01 -5.187345e-01
8.868709e-01 -4.688918e-01 -5.213530e-01
9.671204e-02 5.775490e-01 4.603771e-01
-8.578602e-01 7.085606e-01 3.254353e-01
9.245502e-01 -7.351564e-01 2.368151e-01
2.477529e-02 1.835771e-01 4.550920e-01
-8.257392e-01 2.268860e-01 -5.244568e-01
-9.314567e-01 -6.244089e-01 4.627157e-01
-4.332131e-01 -2.146829e-01 -5.396428e-01
4.886672e-02 -7.312907e-01 -4.069916e-01
2.441456e-01 1.024363e-01 -5.545937e-01
-9.951655e-01 -6.561225e-01 6.860126e-02
-6.235543e-01 4.787199e-01 4.788060e-01
9.013861e-01 -3.331418e-01 5.232097e-01
-8.437590e-01 -4.361480e-01 -5.242382e-01
-9.519212e-01 -7.384143e-01 1.509695e-01
-9.892809e-01 2.817902e-02 3.246718e-01
-6.450871e-01 8.936830e-02 -5.267175e-01
6.752968e-01 -2.019000e-01 5.461750e-01
9.796581e-01 3.854589e-01 -4.684214e-01
-7.782400e-01 6.999366e-01 9.184768e-02
-1.202973e-01 3.996131e-01 -5.363204e-01
3.645456e-01 -7.340981e-01 3.561021e-02
-4.480000e-02 1.869277e-01 -5.472201e-01
-2.302780e-01 4.006615e-01 4.189033e-01
5.158410e-02 3.075761e-01 -5.428543e-01
4.010905e-01 -1.039273e-01 -5.592709e-01
3.734396e-01 7.336095e-01 2.131475e-01
-9.891500e-01 5.971241e-01 -4.112647e-01
8.307808e-02 -7.373377e-01 1.738881e-01
-6.504665e-01 -7.402725e-01 -1.885756e-01
9.947630e-01 -3.555225e-01 -2.876417e-01
9.074397e-01 -6.787334e-01 4.907325e-01
9.979198e-01 -1.663870e-02 1.473678e-01
9.968432e-01 2.249350e-01 -2.572233e-01
-9.766305e-01 7.123699e-01 3.773848e-01
-9.945941e-01 1.761423e-02 2.759619e-03
6.805454e-01 -5.172886e-02 -5.527072e-01
2.393574e-01 7.304527e-01 4.235341e-01
7.780347e-01 7.334819e-01 -4.943498e-01
-9.174383e-01 2.075229e-01 -5.163495e-01
9.842028e-01 -5.436459e-01 2.871266e-01
-2.100090e-01 -1.293086e-01 4.025496e-01
6.335050e-01 -7.486481e-02 5.440550e-01
7.543456e-01 -3.977912e-01 5.382234e-01
-7.515068e-01 7.035455e-01 2.266492e-01
-6.152615e-01 -4.492902e-01 -5.339205e-01
-7.950608e-01 7.315491e-01 -4.203856e-01
1.141504e-01 4.490318e-01 -5.340298e-01
7.209128e-01 1.098077e-01 -5.567617e-01
-5.487687e-01 7.347788e-01 -2.809836e-01
9.864139e-01 5.744022e-01 -2.728151e-01
9.155171e-01 1.964527e-01 -5.201688e-01
1.903031e-01 -7.213434e-01 -4.927283e-01
-9.916509e-01 2.378271e-01 1.026836e-01
-2.479599e-01 2.746121e-01 -5.415293e-01
3.191366e-01 6.687116e-01 -5.073843e-01
6.148293e-01 7.416621e-01 -3.744218e-01
-9.883070e-01 3.188302e-01 2.898710e-01
-7.790185e-01 6.771964e-01 -5.207303e-01
-8.761616e-01 -7.431991e-01 -8.634401e-02
-3.459279e-01 -5.360074e-01 -5.361647e-01
-9.861042e-01 5.317741e-01 -1.819805e-01
-9.857580e-01 6.034824e-01 3.006299e-01
9.891401e-01 6.254226e-02 1.645494e-01
-3.040417e-01 -4.711824e-01 -5.390813e-01
-9.910149e-01 -2.310912e-01 -3.265880e-01
9.579648e-01 7.390403e-01 3.236416e-01
9.565967e-01 -1.706469e-01 -4.848396e-01
-9.899549e-01 -2.268761e-01 3.321083e-01
-8.733593e-01 4.601866e-01 -5.284781e-01
-7.321471e-01 -6.052314e-01 -5.309261e-01
-8.705768e-01 7.330397e-01 -1.361735e-01
-4.879352e-01 -4.577287e-01 4.298179e-01
-6.084859e-01 3.222636e-01 -5.315041e-01
-1.625391e-01 7.393152e-01 -2.970905e-01
9.974245e-01 -3.956381e-01 -1.584845e-01
-6.834222e-01 7.116793e-01 8.040376e-02
-5.417595e-01 7.218303e-01 1.153593e-01
3.739729e-01 7.434393e-01 -4.066339e-01
4.882830e-01 5.004381e-01 5.015213e-01
-6.066492e-01 -3.176063e-01 4.609385e-01
2.845793e-01 -7.302423e-01 -3.688104e-01
-3.435843e-01 -1.491221e-01 4.118262e-01
-1.365831e-01 -7.506902e-01 3.408698e-01
-9.998973e-01 -6.917465e-01 -1.102764e-01
-5.197962e-01 7.298465e-01 -1.338972e-01
-4.795215e-01 2.741152e-01 4.418388e-01
-6.408603e-01 -7.375861e-01 2.365501e-01
4.718664e-01 -1.747146e-01 -5.570731e-01
4.540900e-01 -7.333064e-01 1.480696e-01
5.630123e-01 3.732558e-01 5.226018e-01
8.259727e-01 7.349991e-01 1.562081e-01
9.432541e-01 -7.362512e-01 1.457152e-01
-2.262484e-01 7.392324e-01 -3.288339e-01
-6.596768e-01 -1.785620e-01 4.769344e-01
9.628755e-01 4.517000e-01 4.113260e-01
-8.917816e-01 -3.729991e-01 -5.212917e-01
5.751177e-01 -2.243089e-01 5.367891e-01
8.377337e-01 -7.297455e-01 -3.215531e-01
-2.056332e-01 4.199782e-01 -5.351826e-01
-9.417535e-01 5.798314e-01 4.843560e-01
-3.772523e-01 -4.806991e-01 4.123562e-01
-2.674025e-01 7.392059e-01 -1.061604e-01
-6.180722e-02 -3.088912e-01 -5.491380e-01
4.886854e-01 6.916355e-01 -5.085685e-01
-2.366131e-01 8.199689e-02 4.082553e-01
-4.960689e-01 -7.422517e-01 -7.795601e-02
6.579990e-01 -5.187428e-01 5.047344e-01
-5.348629e-02 -5.693408e-01 -5.320805e-01
8.906007e-01 -6.504533e-02 5.333591e-01
-5.071458e-01 -7.430799e-01 -1.537284e-02
6.278075e-01 -4.449095e-01 5.147745e-01
4.432201e-01 7.310605e-01 3.053683e-01
6.422383e-01 -3.365470e-01 -5.453171e-01
-5.791092e-01 5.453204e-01 4.628565e-01
5.124209e-01 -7.346861e-01 3.742048e-01
9.996721e-01 2.453563e-01 9.239341e-02
3.883093e-02 -4.900038e-01 -5.385348e-01
-5.307124e-01 8.342341e-02 -5.332961e-01
6.936727e-01 7.427205e-01 -4.204949e-01
6.849112e-01 6.321949e-01 -5.167537e-01
9.537480e-01 -7.339507e-01 -1.351756e-01
1.670744e-02 7.330397e-01 3.020791e-01
-9.497101e-01 2.485959e-01 4.575697e-01
-6.754094e-01 2.375157e-01 -5.288525e-01
9.401420e-01 4.945584e-01 4.945054e-01
2.608537e-01 1.904422e-01 4.995884e-01
6.205747e-01 7.338579e-01 -4.943034e-01
-9.920070e-01 -2.461662e-01 2.147210e-01
-1.813180e-02 -2.324344e-01 4.353066e-01
9.724701e-01 -2.666058e-01 4.119040e-01
7.367481e-01 3.793491e-01 -5.474221e-01
9.995329e-01 -1.657328e-01 -9.010151e-02
9.025488e-01 -4.760417e-01 5.243011e-01
7.953225e-01 -6.503887e-01 4.851825e-01
-6.648492e-01 7.202105e-01 -2.293157e-01
-5.575583e-01 -7.405673e-01 -7.761300e-02
1.278592e-01 -7.356351e-01 4.368188e-01
9.826277e-01 6.494959e-01 1.992550e-01
-3.322938e-01 -7.396929e-01 -2.341337e-01
-9.864603e-01 4.157266e-01 -1.850213e-01
-9.326277e-01 -7.360127e-01 3.218645e-01
8.814832e-01 7.375944e-01 1.086239e-01
2.733252e-01 4.851626e-01 -5.302569e-01
-9.028767e-01 7.358471e-01 9.067838e-02
9.896933e-01 3.422891e-01 -3.393891e-01
2.594658e-01 2.873750e-01 -5.470015e-01
-7.667425e-01 -6.768652e-01 4.387516e-01
-5.474189e-01 7.341345e-01 -3.454376e-01
-4.684727e-01 -6.996054e-01 4.214605e-01
9.855229e-01 -7.131715e-01 3.616688e-01
5.327827e-01 5.581032e-01 -5.234581e-01
7.470001e-01 -2.811824e-01 -5.414034e-01
-9.927672e-01 -6.301611e-01 1.241058e-01
-9.951936e-01 -5.347751e-02 -4.309093e-01
-5.562747e-01 -4.881256e-01 -5.358070e-01
-1.168959e-01 -6.716944e-01 4.150376e-01
5.204421e-01 -7.336194e-01 -1.651730e-01
1.621925e-01 2.395761e-01 4.832646e-01
6.507745e-01 1.683281e-01 -5.580717e-01
-9.936749e-01 1.326767e-01 3.475278e-02
-4.288937e-01 7.392523e-01 -3.886422e-01
4.115480e-02 -1.853907e-01 -5.537357e-01
-3.967346e-01 1.206763e-01 -5.394557e-01
-4.799902e-01 -2.933110e-01 4.298808e-01
8.484710e-01 5.126147e-01 5.263581e-01
6.871422e-01 7.357643e-01 5.402341e-02
-9.869853e-01 -6.085538e-01 3.753576e-01
2.541907e-01 -3.430808e-01 4.863352e-01
9.591357e-01 2.579272e-01 4.650228e-01
-7.247354e-01 7.079163e-01 4.349323e-01
8.189553e-01 -1.379644e-04 -5.433991e-01
-9.644307e-01 7.477637e-01 -2.534503e-01
-9.619662e-02 -1.310387e-01 4.253129e-01
-3.978674e-01 -7.418741e-01 -1.091538e-01
9.979860e-01 -2.689328e-01 2.681677e-02
9.516032e-01 5.713001e-01 4.658956e-01
-9.940690e-01 -4.369496e-02 5.885680e-02
9.990079e-01 -2.178678e-01 -1.514996e-01
-7.050394e-01 -7.337569e-01 4.174077e-01
-4.994891e-01 6.680309e-02 4.448631e-01
9.753569e-01 -5.009084e-02 -4.749072e-01
-3.128115e-01 3.641266e-01 -5.371319e-01
-9.822253e-01 -7.304262e-01 -3.516750e-01
-3.486541e-01 -6.045324e-02 4.128862e-01
1.961794e-01 5.193324e-01 4.771365e-01
-2.514181e-01 7.324236e-01 3.817192e-01
-1.498891e-01 -7.468527e-01 1.203639e-01
-4.849274e-01 4.262371e-01 -5.320341e-01
-8.040939e-01 5.935781e-03 -5.176745e-01
-7.918278e-01 -7.407247e-01 1.399308e-01
5.095441e-01 9.208667e-05 5.329699e-01
2.112462e-01 7.385335e-01 -1.586559e-01
-4.825010e-01 3.423438e-02 -5.354791e-01
-5.799340e-01 7.284835e-01 -5.172853e-01
3.261839e-01 -5.413272e-01 4.743772e-01
-6.991830e-01 -4.877298e-01 -5.306296e-01
-3.787512e-02 7.448371e-01 -4.116539e-01
-9.302758e-01 7.386263e-01 -5.037820e-01
9.188909e-01 6.489808e-02 5.109386e-01
-8.436183e-02 2.686480e-01 -5.434770e-01
-8.106344e-02 -1.864126e-01 -5.513193e-01
-7.701063e-01 7.175689e-01 -2.240919e-01
5.047840e-01 -5.294735e-01 -5.278703e-01
9.651992e-01 1.341766e-02 4.671113e-01
-1.531125e-01 7.418923e-01 -4.299421e-01
-9.955779e-01 3.002324e-01 -1.653133e-01
-3.259968e-02 -2.908813e-01 4.321101e-01
5.145376e-01 -5.744751e-01 4.822824e-01
5.138354e-01 -6.574657e-01 4.641334e-01
-4.614834e-01 -5.983663e-02 4.351029e-01
9.310344e-01 -6.159886e-01 5.064800e-01
-9.938156e-01 -6.819366e-01 1.549764e-01
3.499376e-01 2.634938e-01 5.095192e-01
4.822576e-01 -6.195512e-01 -5.160365e-01
9.883533e-01 -6.533847e-04 -4.229263e-01
2.644428e-01 4.149730e-01 4.911217e-01
-2.661189e-01 6.739668e-01 -5.159901e-01
3.481108e-02 7.405027e-01 -4.915590e-01
9.884378e-01 -4.782230e-01 -4.365057e-01
-2.149379e-01 -7.471476e-01 4.353066e-02
-9.904717e-01 -2.788073e-01 -2.802516e-01
5.703676e-01 1.721574e-01 5.386905e-01
9.720394e-01 -7.207637e-01 4.758115e-01
1.840541e-01 -5.902491e-01 4.565876e-01
9.682168e-01 5.308085e-01 3.706654e-01
5.549812e-01 -7.308866e-02 -5.571658e-01
-9.865911e-01 6.230293e-01 -2.465753e-01
7.849130e-01 2.296652e-01 -5.520066e-01
-7.314630e-01 4.020511e-01 5.061057e-01
-6.076147e-01 -6.065564e-01 -5.304441e-01
9.827122e-01 -5.908387e-01 3.236101e-01
9.651247e-01 -1.673891e-01 4.670186e-01
-9.922223e-01 -6.089397e-01 -4.510690e-01
-5.030881e-01 7.310423e-01 -7.667739e-02
9.872569e-01 -6.478679e-01 2.429266e-01
2.176276e-01 7.399413e-01 -3.766362e-01
-2.516980e-01 -7.482705e-01 3.995866e-01
-6.762723e-01 -4.262007e-01 4.682193e-01
2.540135e-01 3.384335e-01 4.952855e-01
-3.121274e-01 7.391049e-01 -2.103253e-01
-8.989216e-01 6.612204e-02 4.974204e-01
7.074840e-01 -5.862924e-01 -5.165201e-01
-8.264796e-01 6.811168e-01 4.345580e-01
-4.415142e-01 7.298647e-01 3.690125e-01
-2.916266e-01 -7.327549e-01 -4.813317e-01
-6.801694e-01 -2.486407e-01 -5.284781e-01
9.979479e-01 1.412636e-02 -7.009800e-02
9.909768e-01 4.369860e-01 -2.553997e-01
3.641630e-01 3.531027e-01 5.059649e-01
-7.480767e-01 1.020039e-01 -5.221480e-01
9.936848e-01 4.463256e-01 -1.626006e-01
3.928457e-01 -7.372631e-01 3.489306e-01
9.666517e-02 -3.277756e-01 -5.488101e-01
6.341890e-02 7.409533e-01 -3.933658e-01
-1.572448e-01 3.267537e-01 4.243142e-01
9.944152e-01 1.891917e-01 -3.071770e-01
-7.337867e-01 1.879943e-01 -5.255483e-01
-6.975052e-01 -7.359481e-01 2.980875e-01
9.872669e-01 -7.236439e-01 -3.902156e-01
4.461715e-01 6.015595e-01 4.742066e-01
2.322638e-01 3.496975e-01 -5.412163e-01
6.764776e-01 -3.931438e-01 5.302403e-01
3.437251e-01 2.857105e-01 -5.474685e-01
9.986518e-01 1.552051e-01 -3.891556e-02
-9.387276e-01 -4.641251e-01 -5.182658e-01
-6.524904e-01 7.173022e-01 3.062263e-01
-6.527421e-01 3.279147e-01 4.866946e-01
-9.897115e-01 -3.792282e-01 3.386869e-01
-5.830262e-02 1.400481e-01 4.366780e-01
6.637064e-02 -7.395189e-01 3.608108e-01
-1.523620e-02 7.035902e-01 4.421187e-01
-3.428639e-02 6.260933e-01 4.473425e-01
6.995010e-02 -2.060969e-01 4.556220e-01
7.281837e-01 -7.283824e-01 -3.712269e-01
9.424756e-02 -4.374084e-01 4.552162e-01
-9.902464e-01 3.351657e-01 1.809354e-01
5.570714e-02 -5.918772e-01 4.437567e-01
7.472900e-02 7.318705e-01 3.661124e-01
-3.984024e-01 2.794052e-01 -5.378955e-01
-2.204863e-02 7.282350e-01 -5.120450e-01
-8.987245e-01 -7.413689e-01 1.894485e-01
-8.523416e-01 7.252637e-01 -5.193274e-01
5.433611e-01 6.710766e-01 -5.083980e-01
9.971331e-01 -6.274929e-01 -1.641909e-01
-7.452280e-02 -5.603209e-01 4.207434e-01
1.296676e-01 7.385981e-01 -1.606828e-01
8.858026e-01 -9.950065e-02 -5.268733e-01
5.739004e-01 6.803632e-02 5.404378e-01
-9.785335e-01 6.576959e-01 4.400136e-01
-5.589165e-01 5.909398e-01 -5.240195e-01
-5.090290e-01 -7.424902e-01 1.051158e-01
-9.978171e-01 -6.266084e-01 -9.267398e-02
-9.916327e-01 4.450834e-01 -4.019401e-01
5.307969e-01 2.220448e-01 5.297882e-01
9.830219e-01 7.239835e-01 -3.082684e-01
-5.819497e-01 3.961251e-01 4.682657e-01
3.013520e-02 5.758100e-01 4.559483e-01
-1.491301e-01 -7.414882e-01 4.061039e-01
-9.875749e-01 3.852651e-01 -2.404622e-01
-9.961675e-01 -6.739204e-02 -1.169183e-01
7.094798e-01 2.087651e-01 -5.576494e-01
-6.178370e-01 -7.406038e-01 -4.731930e-02
-6.124874e-01 -4.474866e-01 4.545918e-01
-5.419102e-01 1.609846e-01 -5.334054e-01
5.790728e-01 -7.351200e-01 4.216642e-01
-9.058381e-01 1.321614e-01 4.955191e-01
-7.824104e-01 3.184543e-01 -5.279796e-01
-7.148129e-01 5.370657e-01 4.948947e-01
-2.819094e-01 7.362231e-01 1.228741e-01
9.837987e-02 5.371585e-01 -5.233190e-01
4.613708e-01 1.022707e-01 5.269345e-01
5.959863e-01 -7.279683e-01 -3.833091e-01
2.769987e-01 5.381058e-01 4.824696e-01
5.121858e-02 1.849683e-03 4.566042e-01
9.937229e-01 4.200163e-02 -3.420705e-01
-6.603608e-01 -7.397028e-01 -2.976983e-01
9.986319e-01 -3.349918e-01 -1.614155e-01
-4.530880e-01 -7.433565e-01 2.952968e-02
9.334243e-01 -5.002923e-01 -5.053571e-01
3.615479e-01 -7.399065e-03 -5.580237e-01
6.495473e-01 2.684923e-01 5.398449e-01
-9.920070e-01 -5.511835e-01 9.761634e-02
9.858707e-01 1.839183e-01 2.159698e-01
9.893272e-01 2.631907e-01 -3.682175e-01
7.394096e-01 -7.340335e-01 3.283039e-01
-1.323476e-01 -5.519652e-01 4.095340e-01
-9.741760e-01 7.083569e-01 9.240898e-02
-9.958876e-01 -4.922480e-01 -1.741068e-01
-9.921677e-01 -1.699761e-02 1.585156e-01
-2.519332e-01 -1.391923e-01 -5.459564e-01
-3.199151e-01 -3.107230e-01 -5.434157e-01
-9.889430e-01 3.567282e-01 2.430674e-01
-9.898523e-01 -5.526840e-01 1.737474e-01
5.529391e-01 -2.881949e-01 -5.497459e-01
1.279248e-01 -5.970032e-01 -5.266861e-01
4.177605e-01 2.234063e-01 5.189068e-01
3.665331e-01 1.003380e-01 -5.560760e-01
5.138635e-01 3.496147e-01 -5.476871e-01
-1.998712e-01 7.393981e-01 -1.966663e-01
5.006236e-01 -2.394568e-01 5.249089e-01
9.865447e-01 -4.025579e-01 2.316692e-01
-9.817185e-01 -7.063230e-01 -1.880142e-01
3.008833e-01 -1.478154e-01 -5.574325e-01
-8.142797e-01 -5.253777e-01 -5.285096e-01
5.575401e-02 -6.552398e-01 4.414181e-01
-8.885022e-02 5.265287e-01 -5.264840e-01
-7.949018e-01 4.546084e-01 5.182658e-01
-3.782560e-01 6.091418e-01 4.294287e-01
-4.469036e-01 9.127330e-02 -5.371783e-01
9.981914e-01 1.855828e-01 8.678060e-02
-9.389892e-01 4.360751e-01 4.749072e-01
-8.623023e-01 -3.435678e-01 4.932434e-01
-9.907615e-01 -4.484522e-01 2.821844e-01
8.808935e-01 -7.266715e-01 -4.364759e-01
9.830865e-01 -4.467777e-01 3.038413e-01
-8.225245e-01 5.106819e-01 -5.278703e-01
-1.177580e-01 5.920163e-01 4.380030e-01
1.865649e-01 6.760835e-01 4.513489e-01
-3.122500e-01 6.175438e-01 -5.213696e-01
9.984266e-01 -2.871365e-01 -4.766231e-02
8.845670e-01 5.992855e-01 -5.319562e-01
-3.159799e-01 7.403007e-01 -4.557611e-01
-6.840301e-01 2.808975e-01 4.942553e-01
-4.880196e-01 -6.626928e-01 -5.284169e-01
-5.708264e-01 7.347324e-01 -3.977465e-01
6.525831e-01 2.021667e-01 5.441793e-01
9.847080e-01 4.649168e-01 2.164832e-01
-5.045870e-01 4.764840e-01 4.466253e-01
-9.917635e-01 9.092400e-03 -2.770716e-01
-7.052166e-01 -1.169767e-01 4.883625e-01
-6.255401e-01 -7.359017e-01 3.154714e-01
-8.364865e-01 1.224892e-01 -5.200280e-01
-9.956805e-01 2.338886e-01 -1.193506e-01
6.730112e-01 -7.262111e-01 4.555127e-01
7.566328e-01 -1.594838e-02 5.559501e-01
7.983964e-01 -5.848382e-01 -5.127323e-01
-8.796662e-01 7.140626e-01 3.794899e-01
-9.921677e-01 5.553787e-01 -4.835445e-01
7.089929e-01 -6.237100e-01 4.857125e-01
8.094535e-01 -7.200267e-02 -5.421371e-01
-8.958211e-01 2.654084e-01 5.042656e-01
-9.819901e-01 -2.214569e-01 4.154898e-01
2.327424e-01 -3.341620e-01 -5.512415e-01
8.778013e-01 6.575022e-01 4.841838e-01
-5.338046e-01 -7.381741e-01 -2.676377e-01
-8.109722e-01 7.143855e-01 -1.075793e-01
4.361645e-01 2.186860e-01 -5.541415e-01
3.359292e-01 -6.633652e-01 4.577420e-01
-9.890755e-01 1.541377e-01 2.996477e-01
9.379408e-01 -5.257006e-01 4.987156e-01
-9.946785e-01 3.312089e-01 -4.695592e-01
3.541080e-01 -2.846522e-01 5.038599e-01
3.759687e-01 -7.346049e-01 -5.034392e-02
9.876229e-01 -6.926392e-01 -3.943016e-02
-1.088092e-01 7.317793e-01 3.128678e-01
8.207539e-02 4.001646e-01 -5.369448e-01
4.698888e-01 -7.331772e-01 3.509579e-02
-9.876412e-01 7.076579e-01 -3.357570e-01
1.504794e-01 -4.013704e-01 4.666294e-01
-9.215508e-01 -7.301314e-01 -5.242067e-01
4.586811e-01 7.423627e-01 -4.305499e-01
3.391158e-01 -7.293679e-01 -3.527499e-01
-9.953063e-01 -2.842100e-01 -6.142927e-02
8.996156e-01 6.062798e-02 -5.251275e-01
-7.836096e-01 -5.738872e-02 -5.188902e-01
9.854301e-01 3.764225e-01 -4.102196e-01
3.977730e-02 4.430876e-01 -5.333276e-01
-9.964954e-01 -4.752136e-01 -4.756409e-01
9.444532e-01 -6.893168e-01 -4.924318e-01
-9.928136e-01 1.379684e-01 -3.446741e-01
9.901057e-01 -6.764892e-01 -4.259986e-01
1.901540e-01 -4.937668e-01 -5.372727e-01
-9.933469e-01 3.984074e-01 -2.818879e-02
9.767713e-01 5.133319e-02 3.265268e-01
-1.467406e-01 3.485100e-02 4.159270e-01
-9.507784e-01 -2.833636e-01 -5.141501e-01
-9.892527e-01 -2.344417e-01 -2.200226e-01
2.077134e-01 -7.313272e-01 -2.714420e-01
5.082042e-01 -2.351688e-01 -5.532836e-01
9.832737e-01 -5.259391e-02 2.549940e-01
4.662153e-01 -1.065960e-01 -5.589446e-01
-7.114954e-01 -5.534475e-01 -5.304590e-01
-9.866011e-01 -7.216001e-01 -4.633699e-01
6.801794e-01 6.903668e-01 -5.022069e-01
1.653690e-01 3.366662e-01 -5.420593e-01
-7.538487e-01 5.595855e-01 -5.270753e-01
-9.254877e-01 -5.168481e-01 4.612648e-01
-5.356215e-01 -6.236189e-01 -5.313318e-01
-4.542970e-01 -7.411007e-01 -1.360799e-01
-1.342874e-01 -7.176897e-01 -5.180638e-01
8.021345e-01 -1.769422e-01 -5.471257e-01
-9.938156e-01 -2.934402e-01 -4.187327e-01
8.833663e-01 -2.456511e-01 -5.238953e-01
-5.256145e-01 7.275179e-01 4.048402e-01
-9.888685e-01 1.973172e-01 -2.179490e-01
-9.472638e-01 7.538752e-01 -1.993643e-01
3.279544e-01 -7.292023e-01 -2.696500e-01
-4.300729e-01 7.345668e-01 7.923445e-02
-3.859674e-01 -3.037105e-01 4.163626e-01
-4.068906e-01 -5.344058e-01 -5.347155e-01
-9.953245e-01 3.639709e-01 -1.016234e-01
4.568543e-01 -6.991548e-01 4.537190e-01
-3.928258e-01 -7.476726e-01 3.194629e-01
9.240997e-01 -5.722856e-01 -5.086944e-01
-2.046494e-01 -2.573839e-01 -5.491678e-01
-2.880276e-01 -7.352674e-01 -3.981523e-01
7.787750e-01 -7.337304e-01 1.780519e-02
-3.535929e-01 3.990334e-02 4.147726e-01
9.618354e-01 6.999648e-01 3.941459e-01
8.999535e-01 -7.307210e-01 -3.296753e-01
-5.264956e-01 -7.369965e-01 -4.040137e-01
9.977425e-01 -5.575235e-01 -3.576623e-02
-3.138615e-01 9.562622e-02 -5.420907e-01
-5.608277e-01 -3.795876e-01 4.488397e-01
9.866011e-01 -3.002688e-01 2.203190e-01
7.764795e-01 1.175657e-01 -5.523644e-01
-4.712188e-01 7.317976e-01 2.488361e-02
-8.629681e-01 -6.575949e-01 -5.281982e-01
-2.526355e-01 -6.520830e-01 4.031724e-01
-9.141772e-02 5.239434e-01 4.401230e-01
5.122239e-01 6.057283e-02 -5.584925e-01
2.258923e-01 -2.179589e-01 4.870838e-01
9.798817e-01 -1.505486e-01 3.071621e-01
-8.205850e-01 3.783172e-01 -5.278554e-01
5.648573e-01 -1.489565e-01 5.381456e-01
9.892991e-01 -3.872990e-01 1.724853e-01
-6.112502e-01 -7.405392e-01 -1.503146e-01
5.803663e-01 -1.452204e-02 5.409198e-01
3.725022e-01 -5.017647e-01 4.838260e-01
8.904317e-01 6.571262e-01 -5.165367e-01
7.500542e-01 6.704241e-01 4.704321e-01
-9.895243e-01 -6.528183e-01 3.135071e-01
-1.449509e-01 4.752964e-01 4.293508e-01
-9.927010e-01 -1.336246e-01 1.854420e-01
-8.952481e-01 3.311344e-01 5.055293e-01
-4.128315e-01 3.842168e-01 4.270122e-01
-8.445640e-01 4.319610e-01 5.219625e-01
9.962801e-01 -6.733142e-01 -2.609498e-01
9.974329e-01 -6.302256e-01 -9.105252e-02
7.443386e-01 7.418277e-01 -3.112000e-01
3.495534e-01 -2.215844e-01 -5.537059e-01
-7.756448e-01 -5.273122e-03 5.063542e-01
-4.445136e-01 5.203990e-01 -5.286819e-01
-3.661389e-01 7.373195e-01 -8.123005e-03
-2.143201e-01 7.413590e-01 -4.312985e-01
-4.161208e-01 -7.395455e-01 -2.297678e-01
7.988370e-01 -7.334720e-01 3.408234e-01
8.007201e-01 -1.545518e-01 5.531279e-01
-9.757411e-01 -7.210486e-01 2.614798e-01
-9.692852e-01 1.958912e-01 -5.042656e-01
9.866855e-01 2.381583e-01 2.111518e-01
-1.065040e-01 -3.416167e-01 4.148819e-01
-3.345512e-01 -6.849824e-01 4.107347e-01
5.137145e-01 -7.304444e-01 -2.994291e-01
6.841046e-01 7.362147e-01 -2.649976e-04
8.516758e-02 4.479917e-01 4.684678e-01
2.571239e-01 -5.035220e-01 4.737065e-01
-2.560275e-01 -7.368027e-01 -3.377826e-01
-7.161611e-01 3.566172e-01 -5.296011e-01
4.146319e-01 -5.354194e-02 5.200910e-01
9.790585e-01 -2.019928e-01 3.242958e-01
-7.903571e-01 -7.388366e-01 2.077681e-01
5.248841e-01 5.417413e-01 4.919962e-01
-3.522332e-01 -4.193157e-01 -5.405935e-01
-7.029675e-01 -7.414601e-01 7.530570e-03
-6.812377e-01 4.811678e-01 4.941311e-01
2.827343e-01 -4.361016e-01 -5.415757e-01
7.652436e-01 7.399330e-01 -1.936122e-01
5.871221e-01 4.243225e-01 5.189532e-01
6.543918e-01 4.550407e-01 5.191718e-01
9.805856e-01 -5.240444e-01 3.492105e-01
9.837059e-01 1.887777e-01 -4.302700e-01
-9.883633e-01 -3.879615e-01 -2.375787e-01
4.331005e-01 -2.195787e-01 5.171131e-01
6.029491e-01 5.408022e-01 4.974999e-01
8.226570e-01 4.588881e-01 5.334684e-01
-9.889529e-01 -1.838901e-01 -1.296251e-01
-5.998188e-01 -7.404481e-01 3.720053e-02
2.698769e-01 -6.882767e-01 4.496182e-01
7.466242e-01 -7.327631e-01 -1.423007e-01
-6.779120e-01 -8.346017e-02 -5.255168e-01
5.172091e-01 -7.339789e-01 1.488490e-01
-5.028065e-01 1.414837e-01 4.457989e-01
1.592876e-01 -1.825651e-01 4.755631e-01
2.738966e-02 7.349262e-01 1.933621e-01
4.340462e-01 3.085798e-01 -5.486379e-01
9.677763e-01 2.742709e-01 3.926337e-01
-6.820526e-01 7.166761e-01 -1.214398e-01
8.688610e-01 7.258434e-01 4.160827e-01
-9.853639e-01 -3.288521e-01 4.070546e-01
-4.273650e-01 -7.364913e-01 -3.673132e-01
-9.879128e-01 6.262507e-01 1.945778e-01
-9.839677e-01 -1.339927e-02 4.207914e-01
-4.428276e-01 -1.403058e-01 -5.378491e-01
6.743792e-01 8.831924e-02 5.504465e-01
6.826156e-01 7.225757e-01 4.452838e-01
6.110630e-01 -3.335823e-01 5.296325e-01
-8.473663e-01 -7.404845e-01 1.197248e-01
-4.047358e-01 6.762772e-01 -5.182360e-01
9.083771e-01 4.058157e-01 5.341077e-01
-7.100429e-01 -5.035121e-01 4.668778e-01
9.760210e-01 -6.207569e-01 4.373024e-01
1.072912e-01 -3.441822e-03 -5.546566e-01
-9.841465e-01 -6.506189e-01 4.084276e-01
-9.946222e-01 4.733189e-01 -1.561146e-01
-9.880619e-01 2.966797e-01 -2.182454e-01
-9.876031e-01 7.035637e-01 -2.728763e-01
4.900634e-01 -9.163220e-02 5.298048e-01
7.947229e-01 7.416721e-01 -3.377213e-01
1.321977e-01 -2.941954e-01 4.673150e-01
-1.452601e-01 -2.381501e-01 4.105310e-01
6.616544e-01 3.545006e-01 5.337333e-01
-6.997826e-01 7.163085e-01 3.311874e-01
-9.957832e-01 -4.207881e-01 -9.130195e-02
-4.903996e-01 -4.250777e-02 -5.370227e-01
-4.651189e-01 3.821829e-01 4.376916e-01
6.742666e-01 -7.321288e-01 -2.860981e-02
9.729388e-01 4.210746e-01 3.372211e-01
9.908841e-01 6.734981e-01 -7.349693e-02
-9.499072e-01 -1.056204e-01 4.474667e-01
2.770650e-01 -2.956860e-02 -5.576196e-01
-9.782801e-01 7.208001e-01 -4.243771e-01
1.563266e-01 -3.193553e-01 -5.509450e-01
-3.312437e-02 -7.429788e-01 3.018604e-01
-9.936103e-01 1.143912e-02 -4.952392e-01
-9.935440e-01 -2.407537e-01 9.746050e-02
-2.553616e-01 7.334637e-01 2.963568e-01
-9.847461e-01 5.639299e-01 3.527350e-01
-4.187923e-01 -3.960605e-01 -5.398134e-01
7.963443e-01 7.250600e-01 4.403581e-01
