-5.348912e-02 5.073058e-01 -2.291298e-01
6.682629e-02 -5.115714e-01 9.913947e-01
5.383094e-02 -5.167558e-01 -9.895561e-01
-7.056755e-02 5.165113e-01 9.143171e-01
2.608687e-01 -4.321369e-01 -4.697576e-03
-4.971850e-01 -7.210951e-02 3.669212e-01
3.805889e-01 3.318023e-01 -9.953773e-01
-4.719493e-01 1.788249e-01 -9.274486e-01
4.697009e-01 1.836524e-01 4.381166e-01
-3.784118e-01 -3.348439e-01 -4.008131e-01
4.973648e-01 6.221114e-02 -3.711928e-01
-5.062278e-01 3.619599e-02 9.908132e-01
4.949352e-01 -7.200772e-02 9.941310e-01
-1.165895e-01 -4.977012e-01 4.393591e-01
-1.300592e-01 4.938228e-01 3.446610e-01
-4.812354e-01 1.477170e-01 -1.438790e-01
4.653969e-01 -1.938992e-01 -9.322140e-01
-7.858200e-02 5.054473e-01 -8.064869e-01
3.738038e-01 -3.394876e-01 5.029539e-01
2.802963e-01 -4.191047e-01 -5.086624e-01
-4.051385e-01 -3.243008e-01 -9.876727e-01
3.603393e-03 1.177773e-04 9.727037e-01
-1.607515e-02 -1.968199e-02 -9.418590e-01
3.655475e-01 3.399780e-01 -8.649930e-03
3.635911e-01 3.532654e-01 8.804906e-01
-3.337395e-01 -3.839444e-01 8.184028e-01
2.837039e-01 4.200537e-01 -5.532633e-01
-3.317633e-01 -3.838427e-01 4.111550e-02
-3.562429e-01 3.555720e-01 -5.080636e-01
-4.151291e-01 2.896006e-01 6.758136e-01
4.942399e-01 -9.157258e-02 2.684858e-02
-4.728824e-02 -5.045180e-01 -2.414561e-01
1.718676e-01 4.801984e-01 5.784057e-01
-5.025583e-01 1.671269e-02 -5.096181e-01
-4.135469e-01 2.855795e-01 2.347007e-01
-8.422766e-02 -5.058861e-01 -6.594577e-01
4.943205e-01 8.123510e-02 -7.254172e-01
3.620088e-01 -3.735348e-01 9.010853e-01
1.932408e-01 4.680227e-01 2.488817e-01
4.317634e-01 -2.545025e-01 -2.534983e-01
-3.462919e-01 3.578284e-01 9.940914e-01
-4.923047e-01 -1.048414e-01 4.590982e-02
-5.264179e-02 -5.067123e-01 1.232836e-01
-2.636016e-01 4.306894e-01 -9.521042e-03
4.930410e-01 -1.024317e-01 6.824362e-01
7.749279e-02 2.732201e-01 -9.445413e-01
1.482966e-01 -4.866174e-01 6.499844e-01
-5.024473e-01 -2.816317e-02 6.912927e-01
-3.672011e-01 -3.397731e-01 4.970848e-01
2.867889e-01 -4.191350e-01 -8.301575e-01
2.397477e-01 4.412722e-01 -2.616885e-01
2.739850e-01 3.136855e-02 -9.443987e-01
-2.656676e-01 -1.297638e-01 9.605424e-01
-4.952683e-01 -9.875822e-02 -8.247643e-01
-3.072653e-01 4.066844e-01 -9.924810e-01
-2.007774e-02 5.058253e-01 -5.156392e-01
4.628457e-01 -2.023485e-01 -5.603683e-01
-1.207943e-01 -2.878452e-01 -9.426295e-01
1.743980e-01 -4.786770e-01 2.920563e-01
4.817787e-01 -1.500438e-01 2.973926e-01
1.135348e-01 2.779048e-01 9.636357e-01
-4.812552e-01 -1.321934e-01 -2.518724e-01
1.348072e-01 4.878017e-01 -1.612642e-02
2.364710e-01 -1.395416e-01 9.530344e-01
4.865572e-01 1.358474e-01 1.771588e-01
-3.880601e-01 -3.251269e-01 -7.258891e-01
-1.862251e-01 1.808151e-01 -9.441276e-01
3.110551e-01 1.098221e-01 9.583748e-01
1.337587e-01 -2.409997e-01 -9.427009e-01
-7.415638e-03 -2.581760e-01 9.677731e-01
-2.203714e-01 4.589085e-01 6.874460e-01
2.164891e-01 4.588265e-01 -8.331965e-01
2.098756e-01 -4.585714e-01 -2.547395e-01
-2.110655e-01 1.365007e-01 9.646139e-01
-2.743483e-01 -5.939320e-02 -9.434856e-01
-2.893699e-01 4.115621e-01 -2.588055e-01
-1.818987e-01 -4.801561e-01 9.915402e-01
4.830596e-01 1.360311e-01 -9.116049e-02
-3.803774e-01 3.314970e-01 -7.530401e-01
-4.123572e-01 -2.815478e-01 2.482259e-01
-2.732392e-01 -4.292076e-01 -2.021056e-01
4.723829e-01 1.749161e-01 6.777171e-01
5.035550e-01 7.921424e-02 -9.923240e-01
-4.811548e-01 1.531976e-01 4.434965e-01
5.115932e-02 -5.095609e-01 -4.573980e-01
3.329834e-01 3.843437e-01 4.366229e-01
3.902173e-01 3.191984e-01 -7.367456e-01
3.824237e-01 -3.325466e-01 1.899570e-01
-8.052777e-02 -5.039165e-01 6.840092e-01
-2.013670e-01 -4.697266e-01 -4.595381e-01
-4.130948e-02 5.093256e-01 1.332135e-01
1.558679e-01 4.855057e-01 8.071933e-01
-4.719295e-01 -2.170965e-01 9.110785e-01
4.077796e-01 2.959905e-01 -3.154631e-01
4.805415e-02 5.056416e-01 -9.931800e-01
-2.471483e-01 -4.387409e-01 2.424336e-01
-3.613836e-01 3.584616e-01 4.352614e-01
-2.350401e-01 -4.520084e-01 -8.186428e-01
-4.958433e-01 8.697092e-02 1.995444e-01
-4.468763e-01 -2.340282e-01 6.872742e-01
7.092961e-02 -5.065801e-01 -6.540671e-02
-4.140068e-02 5.094485e-01 5.363441e-01
4.500316e-01 2.155156e-01 -5.082487e-01
-4.564439e-01 2.181079e-01 8.844430e-01
-4.333775e-01 2.582170e-01 -3.142074e-01
3.702757e-01 3.389880e-01 2.402498e-01
1.201685e-01 -4.957620e-01 -7.407839e-01
-4.920826e-01 1.083831e-01 -7.375030e-01
-4.418162e-01 2.461338e-01 3.716315e-02
-4.496191e-01 -2.308240e-01 -5.583432e-01
4.138681e-01 -2.842523e-01 -2.985785e-03
-1.439520e-01 3.351810e-01 9.620495e-01
2.126380e-01 4.546627e-01 9.972639e-01
4.953489e-01 9.561536e-02 8.888184e-01
-1.514020e-01 -4.947719e-01 -9.896416e-01
4.962055e-01 -6.310895e-02 4.921014e-01
-9.660820e-02 3.587471e-01 -9.501487e-01
-2.491946e-01 4.452220e-01 1.830939e-01
1.775234e-01 -3.560307e-01 9.563786e-01
3.460791e-01 3.711779e-01 6.895345e-01
-2.002778e-01 4.708396e-01 -4.600668e-01
3.518464e-01 -3.652163e-01 7.100234e-01
-2.385377e-01 4.511624e-01 -7.250616e-01
3.669790e-01 -3.627563e-01 -9.891565e-01
-1.657786e-01 -4.771356e-01 -2.197562e-02
5.008835e-01 -4.190102e-02 -2.171444e-01
-3.996634e-01 -3.072977e-01 -1.416675e-01
3.973646e-01 -3.142375e-01 -6.932867e-01
4.883113e-01 -1.205174e-01 -7.233630e-01
-5.168331e-01 9.078543e-03 -9.829644e-01
8.385424e-02 5.044374e-01 3.923670e-01
-3.477737e-01 -3.549798e-01 9.988237e-01
9.448042e-02 5.033971e-01 -6.578741e-01
1.016182e-01 5.005894e-01 -3.629748e-01
7.937802e-02 -5.044678e-01 4.442369e-01
-2.501926e-01 -4.431903e-01 6.651065e-01
5.012867e-01 3.475688e-02 -5.523222e-01
-1.823732e-01 -2.874975e-01 9.661869e-01
2.027579e-01 -4.658787e-01 8.160366e-01
4.367839e-01 2.441841e-01 9.964047e-01
-4.670505e-01 -1.783038e-01 5.026234e-01
-2.586512e-01 -4.382915e-01 -6.212202e-01
3.961446e-01 -3.165957e-01 -4.120555e-01
2.491337e-01 2.028806e-01 -9.533445e-01
-4.853384e-01 -1.683013e-01 -9.834210e-01
-6.356824e-03 -5.104783e-01 2.936121e-01
2.341825e-01 -4.494678e-01 4.952739e-01
3.143915e-02 -5.080804e-01 8.144636e-01
4.507268e-01 -2.281195e-01 8.793671e-01
-4.841712e-02 1.913579e-01 9.658300e-01
-5.049377e-01 2.358134e-02 -3.196865e-01
-4.723631e-01 1.751712e-01 -5.657338e-01
2.466233e-01 4.413542e-01 -9.992580e-01
2.988264e-01 -1.837341e-01 -9.571968e-01
-3.183253e-01 3.959879e-01 8.095728e-01
-2.309370e-01 4.504275e-01 4.878185e-01
1.683994e-01 2.171368e-02 9.560481e-01
3.267931e-01 -3.889450e-01 -1.579185e-01
2.130109e-01 -4.467421e-01 -9.768721e-01
1.083025e-01 9.088997e-02 -9.406035e-01
4.939068e-01 -9.812505e-02 -4.134395e-01
-4.851970e-01 1.366741e-01 6.951393e-01
1.391524e-01 -4.908936e-01 1.313880e-01
-6.442750e-02 -5.110506e-01 -8.226242e-01
-4.933331e-01 9.063486e-02 2.376605e-02
-9.003461e-02 4.994672e-01 -2.335965e-02
-4.349901e-01 -2.565937e-01 4.685105e-02
4.610202e-01 2.037072e-01 -8.255336e-01
5.017705e-01 2.043782e-02 2.880325e-01
-3.317739e-01 1.587582e-02 9.608862e-01
-2.727052e-01 -2.394069e-01 -9.525028e-01
-3.374804e-01 9.801375e-02 -9.560411e-01
3.318401e-02 -3.635230e-01 -9.513328e-01
1.402110e-01 -8.263284e-02 -9.413455e-01
-1.298279e-01 -1.303454e-01 -9.403038e-01
6.034375e-02 4.324541e-01 9.648650e-01
-2.089281e-01 4.770854e-01 9.769203e-01
-5.027196e-01 3.973739e-02 5.489018e-01
4.496482e-01 -2.295379e-01 6.027808e-01
4.543871e-01 2.141480e-01 4.037390e-02
4.687637e-01 1.657204e-01 -2.576502e-01
-4.993621e-01 -3.593016e-02 -1.329220e-01
-4.767583e-01 -1.430934e-01 2.313472e-01
-3.249584e-01 2.507365e-01 -9.622619e-01
-3.359377e-01 -3.786993e-01 3.520767e-01
-2.869601e-01 -4.291878e-01 -9.639740e-01
-1.729272e-01 4.865671e-01 -9.831641e-01
7.441787e-02 5.123672e-01 -8.248780e-01
-3.588839e-01 3.580730e-01 9.596076e-02
3.687133e-01 3.471531e-01 -4.513201e-01
-2.078904e-01 -4.659289e-01 8.143446e-01
-5.822665e-02 -4.023355e-01 9.582690e-01
4.062264e-01 -5.990344e-02 -9.637314e-01
4.518068e-01 -2.280270e-01 4.410776e-01
-1.435581e-01 -2.227428e-02 9.620627e-01
4.969827e-01 7.599934e-02 5.445000e-01
-4.869617e-01 -1.367340e-01 -4.503075e-01
2.789251e-01 4.226155e-01 1.379656e-01
-2.387941e-02 1.554022e-01 -9.388343e-01
-4.307258e-01 -8.878743e-02 9.829745e-01
1.568055e-01 4.804535e-01 -5.159670e-01
1.422059e-02 5.106633e-01 7.913179e-01
3.330640e-01 3.792201e-01 -1.434652e-01
5.028095e-01 1.237513e-02 7.689521e-01
4.006521e-01 3.088799e-01 5.389746e-01
-1.475514e-01 4.235018e-02 -9.378783e-01
1.161662e-01 4.972835e-01 1.311170e-01
-4.893212e-01 -1.175062e-01 8.029635e-01
4.546594e-01 -2.192710e-01 1.414751e-01
-3.051582e-01 4.038477e-01 -8.508592e-01
2.636312e-01 2.979693e-01 9.642438e-01
-4.955908e-01 8.547061e-02 8.266513e-01
4.034545e-01 1.919703e-01 -9.542148e-01
4.379339e-01 2.519817e-01 8.155739e-01
-1.969110e-01 4.704510e-01 -1.275858e-01
1.006000e-01 -1.018501e-01 9.569471e-01
-3.675540e-01 3.499488e-01 -5.984302e-02
3.660114e-01 -2.813251e-02 9.605558e-01
3.118112e-01 -4.009476e-01 -3.386764e-01
-2.360077e-01 -4.454057e-01 4.885192e-01
2.789453e-01 -4.250133e-01 1.332135e-01
1.668186e-03 -1.970214e-01 -9.398473e-01
7.110093e-02 5.056720e-01 -1.380443e-01
-4.996040e-01 -6.845588e-02 -6.184958e-01
4.281336e-01 -2.689743e-01 -8.224101e-01
3.127695e-01 -3.999165e-01 3.948389e-01
-3.421889e-01 1.717113e-01 9.538538e-01
9.509535e-02 1.358067e-01 9.662265e-01
4.105925e-01 -2.831195e-01 9.969863e-01
5.004302e-01 4.383000e-02 3.309704e-02
-3.341030e-01 3.824349e-01 2.863352e-01
-3.264005e-01 3.889570e-01 5.624641e-01
-1.597496e-01 -4.845659e-01 -3.126238e-01
-3.824448e-01 3.298843e-01 -2.071433e-01
1.362590e-01 -4.912201e-01 -5.593703e-01
-4.470376e-01 2.346521e-01 -6.894058e-01
4.712844e-01 1.739668e-01 3.051400e-01
6.453775e-02 5.071009e-01 6.681600e-01
2.051976e-01 4.676857e-01 4.301193e-01
-1.185260e-01 4.972319e-01 -6.034002e-01
5.008228e-01 -4.350311e-02 -8.298429e-01
-4.345169e-01 2.593088e-01 3.804173e-01
8.212022e-02 -4.986198e-01 -2.665252e-01
-4.141615e-01 2.914076e-01 5.355906e-01
2.021630e-01 3.295274e-01 -9.460110e-01
4.366133e-01 2.481642e-01 -1.417256e-01
2.613584e-02 5.095411e-01 2.745363e-01
3.742479e-01 -3.442529e-01 -5.678025e-01
3.251805e-01 3.868948e-01 -8.276037e-01
-4.198786e-01 -2.798743e-01 8.092554e-01
4.887753e-01 -1.215273e-01 8.146883e-01
4.981513e-01 -6.998791e-02 1.954930e-01
2.122247e-01 4.611742e-01 -1.368031e-01
2.879583e-01 -2.646980e-01 9.606880e-01
-1.009135e-01 -5.010283e-01 8.876155e-01
1.553437e-01 -4.854634e-01 -3.859316e-01
-4.552952e-01 2.157095e-01 -4.333573e-01
-4.557790e-01 -2.164435e-01 -7.301971e-01
-4.720207e-01 -1.782734e-01 -5.661769e-02
-3.485695e-01 -2.353144e-01 9.546866e-01
2.578947e-01 -4.520798e-01 9.793657e-01
-7.959983e-02 -5.061518e-01 -4.632195e-01
-3.370666e-01 -3.735348e-01 -5.144270e-01
-2.726140e-01 -4.301977e-01 -7.522284e-02
-2.592870e-01 4.369048e-01 -5.668600e-01
-1.338900e-01 -1.482580e-01 9.671255e-01
1.134156e-03 -5.097645e-01 5.433764e-01
-4.316035e-01 -2.619829e-01 -3.135663e-01
-3.614140e-01 -1.493392e-01 -9.472379e-01
-1.835827e-01 4.757794e-01 8.059508e-01
-2.141812e-02 5.094684e-01 -3.810803e-01
4.809724e-01 -1.488290e-01 -2.976709e-01
2.437098e-01 -2.988060e-01 -9.455401e-01
1.559688e-01 -2.330078e-01 9.664776e-01
-1.953076e-01 -4.692666e-01 1.339128e-01
5.001777e-01 -4.528895e-02 -9.328612e-02
-2.246754e-01 -4.524275e-01 3.653481e-01
-3.742387e-01 3.403455e-01 -3.852177e-01
-2.589737e-01 4.376292e-01 3.673574e-01
-2.776344e-01 -4.259836e-01 -3.732906e-01
-1.344452e-01 -4.865962e-01 2.535623e-01
-8.664798e-02 -5.017315e-01 -1.127756e-01
-1.442137e-01 4.897304e-01 -3.099272e-01
2.799836e-01 4.248508e-01 5.933560e-01
4.594075e-01 -2.084119e-01 -1.436939e-01
-4.639851e-01 1.579026e-01 9.905091e-01
-5.042107e-01 3.524676e-02 3.095775e-01
-4.452530e-01 -2.368755e-01 3.980510e-01
3.974056e-01 -3.134615e-01 3.734908e-01
-3.373284e-01 -3.785460e-01 1.872604e-01
-2.142710e-01 2.996229e-01 -9.505767e-01
4.209757e-01 2.770984e-01 3.434053e-01
1.116092e-01 4.074300e-01 -9.634460e-01
4.096751e-01 -1.566570e-01 9.838999e-01
4.961553e-01 -8.469494e-02 -5.677020e-01
4.277106e-01 1.223040e-01 9.857900e-01
2.169327e-01 1.849179e-01 9.561539e-01
-4.782916e-01 1.608930e-01 2.929128e-01
3.137371e-01 -3.987123e-01 -7.088239e-01
-4.063890e-01 -3.935907e-02 -9.615200e-01
-3.450005e-01 -3.734119e-01 -8.262765e-01
2.363904e-01 4.492431e-01 -3.800823e-01
6.018248e-02 -3.722790e-01 9.638868e-01
2.963866e-01 4.130835e-01 8.038227e-01
-4.841990e-01 1.277540e-01 -2.601618e-01
3.761633e-01 3.359358e-01 1.224985e-01
4.488855e-02 -5.090811e-01 4.956218e-02
-1.141903e-01 -4.968843e-01 5.630853e-01
-3.845717e-01 3.289960e-01 8.798561e-01
-2.716874e-01 -4.406086e-01 9.087916e-01
-4.772130e-01 1.639446e-01 5.587893e-01
2.914043e-02 5.108365e-01 4.137186e-02
3.486673e-02 -5.074777e-01 6.594755e-01
-3.112481e-01 4.011419e-01 -1.463615e-01
3.655977e-01 3.390078e-01 9.972507e-01
-5.016714e-01 -7.614224e-05 1.251806e-01
-4.913358e-02 5.072952e-01 -9.324566e-01
2.803567e-01 -4.237179e-01 5.969514e-01
-1.344756e-01 4.917303e-01 6.005337e-01
-1.343408e-02 -5.102338e-01 -5.563736e-01
-9.927175e-04 5.152052e-01 -7.194675e-01
-4.490851e-01 2.313349e-01 -8.289017e-01
2.257542e-01 4.568874e-01 7.219201e-01
-1.471787e-01 4.895572e-01 9.661649e-02
-3.147562e-01 -3.983448e-01 5.829001e-01
-5.033237e-01 4.304415e-02 4.262860e-01
-3.211593e-02 3.153716e-01 9.658696e-01
-5.033039e-01 1.427346e-02 -8.174161e-01
5.025980e-01 -3.206188e-02 8.832401e-01
4.972246e-01 6.913082e-02 -8.419855e-01
-4.249189e-01 2.763331e-01 9.922407e-01
1.438605e-01 -4.994050e-01 9.097698e-01
-3.456865e-01 -3.625224e-01 -2.572656e-01
4.036263e-01 3.035118e-01 -5.615250e-01
-5.018525e-01 -3.113314e-02 8.737756e-01
-6.770565e-03 -1.314280e-01 9.685795e-01
-4.373893e-01 -2.515931e-01 -4.495223e-01
3.395266e-01 -3.773008e-01 2.890319e-01
-1.372581e-01 -4.929861e-01 -5.575580e-01
2.125472e-01 4.603982e-01 -7.219645e-01
-6.165555e-02 -4.206142e-01 -9.624617e-01
5.081432e-01 3.829841e-02 9.899274e-01
4.488921e-01 -2.307830e-01 -3.653581e-01
4.238904e-01 2.744045e-01 6.823040e-01
-1.892191e-01 -4.736050e-01 -1.457481e-01
-4.234767e-01 2.909991e-01 -9.918104e-01
5.030712e-01 3.083783e-02 4.344683e-01
3.542151e-01 -3.641760e-01 4.325551e-02
-6.005215e-02 -5.010283e-01 -3.756440e-03
2.796511e-01 4.235553e-01 3.002175e-01
3.292531e-01 3.766174e-01 -2.531559e-01
3.983322e-01 7.208029e-02 -9.623617e-01
3.878472e-01 -3.254746e-01 6.105402e-01
4.722520e-01 1.694865e-01 -4.119418e-01
5.016806e-01 3.214422e-02 6.441947e-01
2.232943e-01 4.566323e-01 3.927539e-02
1.262882e-01 -4.935161e-01 5.418166e-01
-2.067602e-01 -3.518563e-01 -9.605070e-01
-7.362238e-02 -5.075702e-01 9.918705e-01
-2.543961e-01 3.184330e-01 9.535499e-01
3.077993e-01 -4.035503e-01 8.005577e-01
-1.479136e-01 4.849439e-01 2.388381e-01
-9.059903e-02 7.104950e-02 9.609391e-01
-4.498716e-01 2.285384e-01 -2.070996e-01
-2.837348e-01 4.342915e-01 9.035967e-01
2.241714e-01 4.576223e-01 8.850113e-01
4.945532e-01 5.555676e-02 -2.609747e-01
1.340814e-01 5.046515e-01 9.379784e-01
5.106124e-01 -2.681593e-02 -9.885716e-01
1.504238e-01 -3.664417e-01 -9.463390e-01
6.154347e-02 5.047229e-01 5.110437e-01
-5.777325e-02 2.603808e-01 -9.430433e-01
1.065079e-01 4.931394e-01 -2.573793e-01
4.158654e-01 -2.875187e-01 -9.301595e-01
-3.348684e-01 3.799247e-01 -6.708442e-01
4.796928e-01 -1.537688e-01 -8.232230e-01
-4.028596e-01 -3.198712e-01 9.052359e-01
-4.595701e-01 2.088919e-01 -5.934330e-02
1.784408e-01 3.644933e-01 9.559821e-01
4.271872e-01 2.673827e-01 1.833359e-01
-1.572221e-02 5.127347e-01 4.348648e-01
-1.037859e-01 4.300351e-01 9.808066e-01
4.441836e-01 -2.328240e-01 2.454726e-01
3.503858e-02 5.108775e-01 8.936960e-01
1.905992e-02 3.599104e-01 -9.586236e-01
-9.812043e-02 5.018148e-01 -1.328362e-01
-7.534204e-05 5.115001e-01 9.934966e-01
-4.942808e-01 -7.933611e-02 4.917445e-01
5.329665e-02 -5.080910e-01 -1.670499e-01
3.860033e-01 -3.292604e-01 -3.077871e-01
2.058138e-02 -5.105814e-01 -7.189824e-01
2.553037e-01 -4.362505e-01 2.450588e-01
-4.998155e-01 -6.393707e-03 -8.107960e-03
-4.977785e-01 -7.596802e-02 -9.241956e-01
4.856504e-01 1.245902e-01 -6.335479e-01
7.186720e-02 5.073362e-01 -4.601805e-01
2.097143e-01 -4.636844e-01 -7.050011e-01
4.663949e-01 -1.921636e-01 4.428263e-02
-5.024671e-01 -4.403317e-02 -7.169718e-01
-4.778673e-01 -1.585143e-01 1.310880e-01
3.865677e-01 -3.267912e-01 8.145298e-01
4.672012e-01 1.960323e-01 8.940397e-01
4.525114e-01 2.229149e-01 5.468529e-01
3.114278e-01 3.990203e-01 -9.265783e-01
3.159658e-01 2.120557e-01 9.614942e-01
-2.474299e-01 -3.622368e-01 9.823664e-01
1.494156e-01 1.976856e-01 -9.433715e-01
-3.443051e-01 -3.729941e-01 -6.494988e-01
1.734101e-01 1.166066e-02 -9.413026e-01
-5.079647e-02 -5.179693e-01 -9.821368e-01
6.147288e-02 -5.067533e-01 -8.205410e-01
-2.506063e-01 -4.410264e-01 4.815038e-02
1.381443e-01 -4.913522e-01 -9.296744e-01
-2.786536e-01 -4.257681e-01 -7.337212e-01
4.665852e-01 -1.938582e-01 -4.555011e-01
1.773117e-01 -4.781561e-01 -8.193711e-01
3.225182e-01 -3.788104e-01 9.933776e-01
-3.847237e-01 3.292207e-01 7.801746e-01
-4.584003e-01 -2.110344e-01 3.004170e-01
-1.812536e-01 -4.774014e-01 -7.400568e-01
-2.142710e-01 4.038371e-01 -9.497064e-01
4.834019e-01 1.232941e-01 -5.040399e-01
-4.095839e-01 -2.942747e-01 1.336417e-01
5.027487e-01 1.358965e-02 -4.568283e-01
-4.098972e-01 2.950612e-01 -5.630940e-01
2.907107e-01 4.091034e-01 -1.314426e-02
3.930501e-01 -3.184423e-01 -1.443641e-01
2.412801e-01 -4.328896e-02 9.686851e-01
3.696809e-01 -3.470910e-01 -8.207115e-01
3.508576e-01 3.664113e-01 3.346149e-01
-4.327919e-01 7.763237e-02 -9.602787e-01
-1.550715e-01 -3.918439e-01 9.596700e-01
-1.013867e-03 -5.199296e-01 9.054342e-01
2.998849e-01 4.264740e-01 9.648122e-01
4.029204e-01 3.049712e-01 4.347855e-01
-4.203822e-01 6.408898e-02 9.548718e-01
-2.543763e-01 4.400482e-01 -3.856606e-01
-2.261281e-01 -1.431952e-01 -9.441990e-01
3.187787e-01 1.268049e-01 -9.585094e-01
4.427322e-01 2.400916e-01 -7.192824e-01
-4.943007e-01 -4.868745e-02 2.411778e-01
-1.493359e-01 4.853722e-01 -7.118496e-01
-1.415317e-01 4.865870e-01 4.876071e-01
-5.014996e-01 -4.640195e-02 -4.198452e-01
-2.383871e-01 7.397861e-02 -9.447126e-01
3.115296e-01 -7.057878e-02 -9.543861e-01
-4.292836e-01 -2.720251e-01 9.908132e-01
4.647412e-01 -1.965522e-01 -6.559058e-01
1.428525e-01 -4.895149e-01 -1.262308e-01
2.638530e-01 4.305771e-01 4.959877e-01
-4.206545e-01 2.813641e-01 1.235256e-01
-5.019833e-01 -2.422363e-02 -2.277881e-01
2.059034e-01 -1.654844e-01 -9.452833e-01
4.715766e-01 -1.805801e-01 -5.031240e-02
1.491132e-01 4.872611e-01 -9.273488e-01
-2.652975e-02 5.099072e-01 6.403216e-01
4.828269e-01 -1.176093e-01 -9.958766e-01
-4.972141e-01 8.428662e-02 -5.777045e-01
-4.302314e-01 -2.664019e-01 -8.067011e-01
2.102284e-01 -4.643572e-01 -4.602096e-01
3.026877e-01 2.799774e-01 -9.652723e-01
3.283860e-01 -1.175273e-01 9.555988e-01
-4.561015e-01 -2.124330e-01 -2.086700e-01
4.187484e-01 2.804665e-01 -9.250659e-01
-1.403935e-01 2.120149e-01 9.622874e-01
-4.999463e-01 -1.270487e-01 9.111447e-01
-3.493665e-01 -3.697173e-01 -9.200722e-01
-4.345473e-01 -2.582474e-01 -9.278054e-01
4.878579e-01 -1.244261e-01 3.871588e-01
-4.865387e-01 1.322243e-01 -4.616504e-01
-3.859120e-01 -3.175341e-01 -3.941496e-03
-4.721318e-01 1.764164e-01 1.908705e-01
-5.780365e-02 5.039470e-01 2.269242e-01
-3.330852e-01 2.692505e-01 9.559953e-01
-4.131741e-01 2.925193e-01 -4.639042e-01
-4.171556e-01 -2.849159e-01 5.524841e-01
4.887158e-01 -1.207831e-01 5.917962e-01
-7.636392e-02 -5.029569e-01 3.564521e-01
1.781586e-01 -4.729718e-01 -3.985126e-03
-4.124986e-01 2.894882e-01 -9.005112e-01
1.046915e-02 5.121425e-01 -6.928766e-02
-2.938365e-01 4.156757e-01 -4.648890e-01
1.074052e-01 4.944150e-01 2.298495e-01
2.276295e-01 1.140679e-01 -9.451835e-01
2.799636e-01 -3.898638e-01 -9.506194e-01
4.242328e-01 -2.700251e-01 -5.121865e-01
-2.976474e-01 4.114907e-01 7.004663e-01
4.986456e-01 5.281139e-02 1.406186e-01
5.000468e-01 4.089071e-02 -5.817348e-02
-3.704780e-01 3.479898e-01 1.857046e-01
-2.621898e-01 4.365268e-01 9.433495e-02
2.812742e-01 4.224621e-01 -4.633054e-01
3.147655e-01 3.960593e-01 -7.386583e-01
8.806846e-02 -5.035385e-01 2.970925e-01
-1.229463e-02 -2.861809e-01 -9.448124e-01
-1.836937e-01 4.717781e-01 -6.338062e-03
2.008424e-01 4.666242e-01 1.316735e-01
1.240501e-01 -4.294019e-01 9.903505e-01
3.099156e-01 4.002549e-01 -3.647012e-01
-4.345975e-01 2.587074e-01 8.078676e-01
4.824951e-01 1.452268e-01 8.156533e-01
-7.371225e-02 5.049780e-01 8.054749e-01
-1.257645e-01 4.906081e-01 -5.147113e-01
-3.303331e-02 5.096931e-01 3.412110e-01
4.047274e-02 -1.169457e-01 -9.419875e-01
4.184060e-01 3.024292e-01 9.286593e-01
3.347375e-01 -3.838532e-01 -6.963010e-02
-3.590241e-01 3.575429e-01 6.663358e-01
-2.701950e-01 -2.763939e-01 9.553343e-01
-3.446488e-01 3.357124e-01 -9.501201e-01
-1.613728e-01 4.822499e-01 -8.249071e-01
1.897222e-01 4.736658e-01 3.438018e-01
-2.750436e-01 1.594743e-01 -9.490928e-01
-4.868612e-01 -1.352138e-01 -7.175984e-01
-6.466941e-02 7.131480e-02 -9.412455e-01
-4.583804e-01 -1.713839e-01 9.940120e-01
5.014890e-01 -1.191704e-01 9.205958e-01
-4.926576e-01 1.059439e-01 -8.250498e-01
1.200275e-01 -4.941797e-01 8.144636e-01
1.172348e-01 4.974051e-01 -7.420542e-01
4.783405e-01 1.628015e-01 -9.955628e-01
-2.379879e-02 4.025615e-01 9.589034e-01
-1.701143e-01 -5.309586e-02 -9.394763e-01
-9.415880e-02 -2.652585e-01 9.663059e-01
-3.969020e-01 -3.132381e-01 3.277412e-01
2.905292e-01 -4.228799e-01 8.978598e-01
4.692580e-01 -2.176993e-01 9.677069e-01
-2.345259e-01 4.525094e-01 -2.055584e-01
-2.131726e-01 4.629494e-01 2.913861e-01
4.168119e-01 2.821202e-01 -2.188853e-01
1.979488e-02 8.504193e-02 9.704169e-01
4.784317e-01 -1.570140e-01 -2.102536e-01
4.235269e-01 -2.765670e-01 -6.205500e-01
6.771352e-02 -5.865107e-04 -9.423013e-01
-2.563353e-02 -5.093150e-01 -3.965038e-01
-1.663430e-01 4.923225e-01 9.040462e-01
-3.521993e-01 -1.498600e-01 9.610051e-01
-4.719705e-01 1.780799e-01 8.104583e-01
2.501418e-01 4.464651e-02 9.647196e-01
-1.679861e-01 -2.169339e-01 -9.433286e-01
-2.673120e-01 2.112699e-01 9.622344e-01
4.731998e-01 1.668534e-01 -7.500012e-01
3.378624e-01 -2.782101e-01 -9.622762e-01
4.342737e-01 2.534517e-01 -5.716094e-02
4.097862e-01 -2.972542e-01 2.912579e-01
-2.070841e-01 -1.909382e-01 9.619833e-01
4.096646e-01 -3.040419e-01 8.946080e-01
5.027183e-01 4.179723e-03 -6.310654e-01
3.316523e-01 -3.784534e-01 -2.597335e-01
-5.005108e-01 6.193553e-02 -2.101108e-01
1.961947e-01 -4.704405e-01 1.899425e-01
2.534008e-02 7.713231e-02 -9.425867e-01
3.971426e-01 3.106050e-01 -8.199699e-01
3.801157e-01 -2.027781e-01 -9.652296e-01
4.750954e-01 1.491255e-01 -8.378994e-03
5.010646e-01 -3.877745e-02 -7.462339e-01
-1.931398e-01 -4.853101e-01 9.087388e-01
-5.060362e-01 -4.735104e-02 9.860941e-01
-3.051278e-01 -3.984571e-01 4.925641e-01
4.205726e-01 2.784454e-01 -4.617509e-01
-3.395160e-01 3.753008e-01 -3.177883e-01
-5.013383e-01 1.125369e-01 9.053812e-01
-4.760021e-01 -1.602393e-01 3.861411e-01
4.256948e-01 -2.729438e-01 5.356832e-01
-5.136090e-02 -5.074168e-01 8.069158e-01
4.390046e-02 4.953536e-01 -9.108267e-01
9.222215e-02 -4.231046e-01 -9.636459e-01
-2.936950e-01 -4.164821e-01 -4.582546e-01
1.652855e-02 -4.459054e-01 9.912759e-01
-1.059538e-01 4.491003e-01 -9.466244e-01
-1.749430e-01 -4.285454e-01 -9.463962e-01
-2.255227e-01 -1.424213e-02 9.666628e-01
-4.050381e-01 -2.934987e-01 -5.127139e-01
-1.376811e-01 4.945076e-01 -2.047745e-01
-2.145037e-01 3.860991e-01 9.782422e-01
-2.441940e-01 4.506826e-01 -8.214398e-01
-4.977494e-01 7.241710e-02 -1.155291e-01
4.787953e-01 -1.580040e-01 1.905413e-01
2.945371e-02 5.112965e-01 -3.167480e-01
4.420304e-02 3.453871e-01 9.650898e-01
-4.506093e-02 -9.630881e-02 -9.435284e-01
-4.886246e-01 1.206099e-01 3.687189e-01
3.539323e-01 2.638566e-03 -9.560554e-01
-1.494470e-01 4.869756e-01 7.171483e-01
2.215098e-01 -7.318153e-02 -9.405464e-01
6.023719e-03 -5.114181e-01 -9.233539e-01
2.010549e-03 -5.122139e-01 1.839359e-01
5.040322e-02 1.962262e-01 -9.410315e-01
-4.498809e-01 2.293447e-01 4.963975e-01
-5.032233e-01 1.123212e-02 -8.989846e-01
-1.270956e-01 -4.922102e-01 -1.951870e-01
1.950274e-02 -5.095398e-01 3.709396e-01
-1.051276e-01 1.868979e-01 -9.382921e-01
1.570474e-01 -4.846068e-01 3.714420e-01
4.978697e-01 -7.139570e-02 2.843379e-01
3.745890e-02 5.110308e-01 -2.184002e-01
3.344850e-01 3.835783e-01 5.495627e-01
-7.162503e-02 -5.052437e-01 -3.188881e-01
1.066591e-01 -1.646385e-01 -9.404751e-01
-2.121719e-02 4.296068e-01 -9.663425e-01
-3.537221e-01 -2.692598e-01 -9.592799e-01
3.412305e-01 -3.732281e-01 -4.830514e-01
2.782194e-01 4.214734e-01 2.183638e-01
-4.467361e-01 -2.337229e-01 1.938235e-01
2.337894e-01 4.508663e-01 -6.032817e-02
-3.553149e-01 1.756712e-01 -9.518750e-01
-3.299497e-01 -3.484957e-03 -9.554419e-01
4.514235e-01 2.200674e-01 1.239393e-01
3.668574e-01 3.501947e-01 8.011260e-01
-2.196457e-01 4.595615e-01 -3.171036e-01
-4.478954e-01 2.294570e-01 -5.133986e-01
7.513366e-02 -2.943157e-01 -9.440278e-01
1.670485e-01 4.811171e-01 -3.069742e-01
4.090301e-01 2.942958e-01 3.898987e-02
-2.638831e-01 -4.389352e-01 9.919631e-01
-2.045130e-01 -4.620916e-01 -2.229091e-01
-4.830608e-02 -6.475202e-02 9.658960e-01
1.827558e-01 -4.816154e-01 9.896103e-01
-1.643073e-01 -4.854938e-01 -8.244788e-01
3.207945e-01 -3.940487e-01 5.366482e-01
-1.002631e-02 -5.112952e-01 -6.311060e-02
2.595683e-01 -3.433448e-01 9.632656e-01
9.216161e-02 3.139909e-02 9.702053e-01
-3.332055e-01 -3.775863e-01 2.652185e-01
-1.206727e-01 -5.029569e-01 -9.184314e-01
3.760417e-01 3.364050e-01 -3.740613e-01
-2.073339e-02 5.124796e-01 -6.442338e-01
-4.932630e-01 1.393787e-01 -9.907117e-01
-3.128805e-01 4.011326e-01 1.819955e-01
-3.029904e-01 4.093176e-01 4.341907e-01
3.657061e-02 5.102655e-01 1.979041e-01
7.893440e-02 -5.053759e-01 1.817958e-01
2.020018e-01 4.673182e-01 -4.547595e-01
-4.073578e-02 -5.088868e-01 4.483346e-01
3.465523e-02 5.123170e-01 -5.694574e-01
4.197266e-01 2.685744e-02 9.576741e-01
5.013779e-01 1.920294e-02 -1.351759e-01
4.332148e-01 2.536764e-01 -9.954628e-01
4.971731e-01 6.762033e-02 3.482432e-01
1.264394e-01 -4.953945e-01 -4.570279e-01
2.622197e-01 4.354349e-01 3.905560e-01
-3.232955e-01 -7.906118e-02 9.630936e-01
1.284860e-01 4.952927e-01 3.034706e-01
-6.970041e-02 5.063567e-01 -3.123528e-01
1.726540e-01 -7.676377e-02 9.591414e-01
-2.896832e-01 -4.179203e-01 -5.545905e-01
-6.662576e-02 -2.308346e-01 -9.414881e-01
-6.569782e-02 -3.395180e-01 -9.549425e-01
4.515438e-01 2.109637e-01 2.415770e-01
4.621900e-01 1.416123e-02 -9.466387e-01
-3.712037e-01 3.430699e-01 -8.276037e-01
-4.664345e-01 -1.892145e-01 8.133930e-01
-3.569077e-01 -3.598284e-01 -3.323711e-01
-4.927383e-01 -1.120059e-01 -5.568165e-01
3.131119e-01 -4.004981e-01 -5.744078e-01
3.303013e-01 3.787918e-01 -5.101032e-01
-2.468866e-01 -4.448135e-01 -3.067164e-01
-3.858526e-01 -3.265466e-01 7.603599e-01
1.648003e-01 4.807285e-01 -6.417804e-01
4.169731e-01 -1.371530e-01 -9.602074e-01
2.774733e-01 4.243617e-01 -6.283120e-01
-4.519377e-01 2.274566e-01 6.541219e-01
-4.419365e-01 -8.700220e-03 9.800928e-01
1.454737e-01 2.102493e-01 9.673104e-01
-1.583788e-01 2.511146e-01 -9.404609e-01
4.865572e-01 -1.207527e-01 -5.029982e-01
-3.024259e-01 -3.261791e-01 -9.583811e-01
-3.216815e-01 -4.087148e-01 9.539068e-01
-4.476839e-01 2.205676e-01 -9.930802e-01
3.510096e-01 -3.657160e-01 1.311448e-01
2.199573e-01 4.563771e-01 -9.314864e-01
-1.590952e-01 -4.835864e-01 3.496444e-01
-1.087059e-01 5.033349e-01 9.902579e-01
4.916596e-01 1.568105e-01 9.716990e-01
-5.570325e-03 5.167862e-01 -8.078709e-01
-4.132243e-01 2.921214e-01 -6.463606e-02
1.669981e-01 4.781879e-01 4.923790e-01
4.387098e-01 -2.500214e-01 8.101148e-01
-4.959134e-01 8.597067e-02 -9.234108e-01
-4.430257e-01 -1.200984e-01 -9.457684e-01
-5.011056e-01 -4.967752e-02 -3.143792e-01
6.690693e-02 -5.041611e-01 8.787722e-01
4.374303e-01 -2.538786e-01 -7.041736e-01
-5.001182e-01 -5.645470e-02 -5.087906e-01
3.428736e-01 -2.163827e-01 9.575947e-01
2.598002e-01 -4.376490e-01 -2.056020e-01
-3.304124e-01 -3.860475e-01 -6.935907e-02
-4.933331e-01 9.387011e-02 9.661649e-02
-2.230019e-01 -4.520494e-01 -9.959194e-01
3.659308e-01 -3.523057e-01 4.316395e-01
-2.958933e-01 4.122164e-01 -7.470481e-01
4.848441e-01 1.227327e-01 4.901583e-01
1.863751e-01 4.746876e-01 -2.033046e-01
-8.570022e-02 5.047533e-01 -4.558435e-01
5.016899e-01 -1.925330e-02 1.338268e-01
-2.532672e-01 2.278955e-01 -9.582954e-01
1.039270e-01 -3.146155e-01 9.634771e-01
-4.134967e-01 -2.921928e-01 -6.580588e-02
-3.231845e-01 3.924057e-01 4.334149e-02
4.386596e-01 -2.520730e-01 -6.266781e-02
4.259869e-01 -2.751791e-01 1.853476e-01
3.679863e-01 2.592480e-01 9.811767e-01
3.203914e-01 1.989308e-01 -9.435712e-01
-1.573808e-01 -4.789017e-01 4.956044e-01
1.076068e-01 3.793523e-01 9.547792e-01
2.725635e-01 3.493566e-01 -9.608779e-01
-3.931717e-01 -3.087874e-01 -2.565095e-01
4.499311e-01 -2.198830e-01 -9.971893e-01
-4.704583e-01 1.804476e-01 3.727808e-02
-4.977891e-01 7.205993e-02 7.233742e-01
-4.985055e-01 -8.103074e-02 -9.956199e-01
1.674518e-01 4.727682e-01 -9.949350e-01
4.998763e-01 -3.122487e-02 -3.892415e-01
4.749434e-01 -1.686490e-01 5.406666e-01
8.570934e-02 4.929147e-01 9.930339e-01
8.139439e-02 5.047745e-01 -6.723353e-02
3.756993e-01 3.364566e-01 -1.980396e-01
4.750848e-01 -1.675981e-01 7.049740e-01
3.853873e-01 1.693436e-01 9.530344e-01
-2.217118e-01 4.583058e-01 8.748331e-01
-3.391036e-01 3.895492e-01 9.027111e-01
4.521280e-01 2.179956e-01 -2.122787e-01
-2.165102e-01 6.556880e-02 9.659226e-01
2.852363e-01 4.212897e-01 8.859235e-01
-4.474407e-01 -2.298842e-01 -9.914536e-01
-5.028597e-01 -3.086771e-02 5.430062e-01
-4.102699e-01 2.943778e-01 -6.793900e-01
-1.026874e-01 1.460126e-01 9.620231e-01
-2.198268e-01 -2.709285e-03 -9.393337e-01
-1.782199e-01 4.766466e-01 -5.600828e-01
-4.850357e-01 -1.352548e-01 5.556697e-01
-4.943720e-01 -9.374705e-02 2.955235e-01
-2.718883e-01 4.379041e-01 -9.278339e-01
-4.732699e-01 -1.701691e-01 -5.107457e-01
-2.921022e-01 4.295963e-01 9.732852e-01
-2.371974e-01 4.570209e-01 -9.895988e-01
-3.228315e-01 -3.916403e-01 6.524168e-01
-3.804488e-01 -3.625667e-02 9.602253e-01
-2.985238e-01 4.124808e-01 -6.768953e-02
-2.233958e-01 -4.576937e-01 5.564760e-01
-1.112571e-01 -4.974765e-01 1.605218e-01
-4.403040e-01 -2.467459e-01 -6.690174e-01
2.431956e-01 -4.469470e-01 -5.610676e-01
2.238589e-01 -2.163113e-01 9.642570e-01
-1.037463e-01 -3.108211e-02 -9.398758e-01
-4.976806e-02 -5.029159e-01 2.393233e-01
-2.847936e-01 4.168086e-01 2.440171e-01
2.405340e-01 3.732902e-01 9.862527e-01
1.469456e-01 2.775677e-01 -9.443416e-01
-1.902065e-01 -1.074428e-01 9.679581e-01
-2.448298e-01 -4.405069e-01 -5.065223e-01
-8.998435e-02 -3.345478e-01 9.658960e-01
1.806084e-01 4.000910e-01 -9.642737e-01
-2.896422e-01 -4.152567e-01 1.527612e-01
4.664345e-01 1.144964e-01 -9.455544e-01
4.741978e-01 1.614747e-01 9.483329e-02
2.510876e-02 -1.970425e-01 9.664380e-01
3.517961e-01 -3.649202e-01 -9.218700e-01
1.025357e-01 5.010693e-01 4.331244e-02
4.939477e-01 9.391096e-02 -1.444937e-01
3.715355e-01 7.735676e-02 9.543561e-01
-3.913766e-01 -3.215354e-01 -8.195562e-01
-4.994229e-01 -6.285384e-02 1.741912e-01
-2.755380e-01 3.642990e-01 -9.489216e-01
1.782593e-01 8.871604e-02 9.666496e-01
2.560180e-02 -4.390780e-01 -9.614629e-01
-4.736030e-01 1.735280e-01 -3.100554e-01
2.357855e-01 2.702908e-01 -9.549282e-01
1.169324e-01 3.397533e-01 -9.562694e-01
3.641661e-01 2.507260e-01 -9.623190e-01
-4.219776e-02 -5.097751e-01 -1.637545e-01
-5.019423e-01 -4.989167e-02 -6.031359e-02
6.714896e-02 2.282935e-01 9.662927e-01
1.495971e-01 4.240960e-01 9.839658e-01
4.844303e-01 1.330714e-01 3.606424e-01
1.992897e-01 -4.678787e-01 8.867827e-01
2.154508e-01 -3.600016e-01 -9.642879e-01
-4.673122e-01 -1.818253e-01 -2.957304e-01
-4.237688e-01 -1.865708e-01 -9.452405e-01
5.001380e-01 -4.298230e-02 -2.847444e-01
-6.434686e-02 9.262282e-03 9.686191e-01
4.481796e-02 -5.035279e-01 2.399935e-01
4.498809e-01 2.227005e-01 -3.771848e-01
-3.641357e-01 -3.525000e-01 5.825167e-01
-3.262287e-01 -3.910891e-01 8.849189e-01
-6.305674e-02 5.043964e-01 -9.982023e-01
-1.610701e-01 1.185482e-01 -9.403181e-01
-1.928278e-01 -4.716658e-01 6.445913e-01
-2.876356e-01 -4.181146e-01 2.935539e-01
1.972332e-01 2.528899e-01 9.627367e-01
-1.386764e-02 -3.250146e-01 9.660811e-01
-4.184258e-01 2.887639e-01 4.385925e-01
-4.087472e-01 3.194020e-01 9.433188e-01
-1.870817e-01 4.697782e-01 -2.593343e-01
1.448486e-01 -4.899643e-01 4.434041e-01
3.273681e-01 3.761587e-01 -9.886430e-01
-5.112681e-01 4.650400e-02 8.997370e-01
-3.459694e-01 -3.862207e-01 -9.849047e-01
2.630363e-01 4.338421e-01 -7.581901e-01
-8.796854e-02 -5.079073e-01 -7.600169e-01
3.407560e-01 3.730351e-01 4.401169e-02
7.979137e-02 -3.928770e-02 9.677069e-01
3.202605e-01 -3.939364e-01 -6.404824e-01
-1.056418e-01 -4.404857e-01 9.857504e-01
-9.694133e-02 5.027124e-01 4.406149e-01
-4.694497e-01 1.847852e-01 -7.277001e-01
-3.891797e-01 2.454504e-01 -9.449124e-01
-1.484992e-01 3.981214e-01 -9.646303e-01
-3.790569e-01 -3.349867e-01 -5.578435e-01
-2.919515e-01 -1.488792e-01 -9.520319e-01
-2.134951e-01 -4.618576e-01 3.004606e-01
1.325187e-01 -4.932306e-01 -3.095135e-01
4.183849e-01 2.785882e-01 1.184747e-01
-4.155627e-01 2.884479e-01 -8.249203e-01
-1.971728e-01 -2.863448e-01 -9.568545e-01
-3.953488e-01 -3.157787e-01 4.420558e-01
-4.929801e-01 1.017797e-01 -5.630441e-02
4.875764e-01 1.118021e-01 -7.922479e-01
-2.663140e-01 -4.351996e-01 8.098769e-01
-5.015802e-01 -2.776517e-02 6.514292e-02
-4.787648e-01 -1.626993e-01 -8.220955e-01
-1.630767e-01 -4.825143e-01 4.378429e-02
-3.766577e-01 -3.321182e-01 2.255693e-01
-4.580063e-01 7.425155e-03 -9.467815e-01
2.997036e-01 -4.107967e-01 4.406852e-02
4.744794e-01 -1.537172e-01 9.953867e-01
-1.098757e-01 4.976404e-01 1.503065e-01
-4.090697e-01 1.349595e-01 9.623270e-01
1.658588e-01 -4.820041e-01 -2.117658e-01
3.806695e-01 -3.414162e-01 9.908924e-01
-4.115707e-01 1.430120e-01 -9.616769e-01
3.495371e-01 3.856708e-01 9.507740e-01
4.892393e-01 1.122511e-01 2.913569e-01
-1.527939e-01 3.212803e-01 -9.587377e-01
1.598401e-01 4.833524e-01 1.919544e-01
-3.426819e-01 -6.779363e-02 -9.561982e-01
5.014083e-01 -3.223530e-02 -9.220127e-01
1.146236e-01 -4.925671e-01 -9.935082e-01
3.286688e-01 3.842511e-01 -6.042724e-02
-3.598106e-01 3.557254e-01 -1.514136e-01
-4.119236e-01 2.881109e-01 -3.683257e-01
4.306147e-01 -7.177375e-02 9.821947e-01
-1.652141e-01 4.844138e-01 -7.211255e-02
2.934226e-01 -1.726806e-01 9.534045e-01
-3.871929e-01 2.603075e-02 -9.444986e-01
9.845261e-02 5.015491e-01 -5.605679e-01
1.373579e-01 -4.922405e-01 4.319869e-02
-1.866481e-01 -4.692256e-01 2.184630e-01
-2.840375e-01 4.207477e-01 -6.692315e-01
-1.471178e-01 -4.889848e-01 8.102602e-01
2.464015e-01 1.118939e-01 9.657904e-01
5.027593e-01 1.599822e-02 -3.121810e-01
-4.189506e-01 -2.736682e-01 4.884002e-01
-1.376916e-01 4.912915e-01 -3.745741e-01
-3.249082e-01 -2.957235e-01 9.845739e-01
5.011757e-01 -2.752009e-02 3.515127e-02
-3.459284e-01 -3.720239e-01 -7.414263e-01
-3.390018e-01 3.774343e-01 -2.144043e-01
-3.280330e-01 -3.867825e-01 -3.843757e-01
-7.133292e-02 -5.008340e-01 5.047649e-01
-4.982729e-01 3.460381e-02 2.452015e-01
-5.080930e-01 7.302952e-02 -9.862174e-01
3.552541e-01 3.583995e-01 4.938595e-01
-2.843098e-01 3.006844e-01 -9.619480e-01
1.645180e-01 4.841481e-01 4.715104e-02
1.287178e-01 4.929253e-01 -1.124332e-01
4.001075e-01 3.061146e-01 -7.105766e-02
7.303290e-03 2.984703e-01 -9.439564e-01
-5.030012e-01 3.282802e-02 -5.870088e-02
1.745291e-01 -1.484100e-01 9.668081e-01
-4.562734e-01 2.195163e-01 4.334901e-01
4.938261e-01 6.085372e-02 2.390655e-01
5.025980e-01 8.772398e-03 8.340139e-01
-4.498002e-01 -2.157297e-01 -9.792076e-03
-4.938579e-01 -9.884943e-02 -1.426959e-01
-1.085248e-02 -5.224305e-01 9.685265e-01
4.179315e-01 -2.751897e-01 -9.967042e-01
-3.440633e-01 3.706875e-01 4.954986e-01
-4.074769e-01 2.913058e-01 -2.661392e-01
-4.973965e-01 -7.705987e-02 6.505529e-01
1.835824e-01 -2.807521e-01 -9.570827e-01
5.765191e-02 -2.275379e-01 -9.392766e-01
-3.505866e-01 -3.646955e-01 9.890058e-02
4.398493e-01 -2.500214e-01 4.639496e-02
-1.246753e-01 -3.603691e-01 -9.434284e-01
2.757696e-01 -4.273808e-01 -6.629240e-02
-3.939978e-01 1.984103e-01 9.790882e-01
-1.055096e-01 4.995795e-01 5.382608e-01
-1.699252e-02 1.365415e-01 9.599874e-01
8.290660e-02 -4.987216e-01 -3.613635e-03
1.776242e-01 4.773604e-01 -7.271262e-02
4.340516e-01 2.606360e-01 8.837556e-01
-2.705783e-01 1.157008e-01 9.594585e-01
-1.953988e-01 -4.711952e-01 4.456644e-01
-2.077688e-01 4.651239e-01 5.447908e-01
3.941182e-01 3.177893e-01 7.173200e-01
4.301706e-01 -2.644125e-01 -1.444937e-01
-2.934333e-01 4.124610e-01 4.965032e-01
4.564637e-01 2.109534e-01 -5.707132e-01
9.329074e-02 4.670432e-01 -9.481796e-01
-3.821619e-01 -3.323430e-01 -4.635195e-01
2.763744e-01 4.256373e-01 -3.181029e-01
-1.239509e-02 2.557980e-01 9.670593e-01
4.611722e-01 -1.949699e-01 -2.600759e-01
-4.990396e-01 -1.274162e-01 9.753605e-01
7.657528e-02 -1.589333e-01 9.666892e-01
-4.773531e-01 1.664247e-01 -8.193143e-01
2.525944e-02 5.111934e-01 1.363238e-01
-3.359682e-01 3.797409e-01 -5.621515e-01
4.823643e-01 1.372865e-01 -2.036615e-01
4.972339e-01 7.552995e-02 -4.631058e-01
-2.212980e-01 -4.580506e-01 -6.672487e-01
-3.776662e-01 3.383654e-01 2.941540e-01
1.771302e-01 -4.744827e-01 4.987636e-01
-4.898553e-01 -1.184963e-01 -5.751648e-02
4.560196e-01 2.101778e-01 -2.995122e-01
-3.175242e-02 5.059271e-01 -2.429239e-03
3.819597e-01 -3.330977e-01 -2.038188e-01
-4.511921e-01 2.274566e-01 1.181192e-01
4.836637e-01 -1.317334e-01 4.913876e-01
-1.053999e-01 -4.943027e-01 -2.610884e-01
-5.029205e-01 2.455092e-02 6.584047e-01
5.009642e-01 -4.955459e-02 4.317188e-01
4.541954e-01 2.179446e-01 -9.297029e-01
3.125078e-01 -3.995702e-01 -4.006558e-01
1.649817e-01 4.817185e-01 -3.689245e-01
-3.265208e-01 -3.886899e-01 -2.044466e-01
-4.968611e-01 1.054335e-01 9.910379e-01
-1.994622e-01 4.682369e-01 -3.900267e-01
5.641188e-02 5.150003e-01 -7.425102e-01
2.982921e-01 -4.128073e-01 1.906840e-01
3.502839e-01 -2.805577e-01 9.835693e-01
4.855500e-01 -1.194149e-01 2.439167e-01
4.417342e-01 2.417651e-01 3.895778e-01
5.168331e-01 -1.872258e-02 9.679847e-01
5.003693e-01 2.659057e-03 4.892065e-01
3.016997e-01 -5.346334e-02 9.628691e-01
9.330079e-02 -5.015280e-01 3.583026e-01
-5.001076e-01 -5.705615e-02 8.056205e-01
-5.023363e-01 -4.704438e-02 4.400994e-01
1.463608e-01 -4.889650e-01 -5.400702e-02
-7.462037e-02 -5.061412e-01 -5.553043e-01
-2.068316e-01 2.208022e-01 9.587449e-01
2.434865e-03 -3.922629e-01 9.587845e-01
3.744092e-01 3.416819e-01 5.836006e-01
3.772010e-01 -3.399569e-01 -6.543576e-02
2.580762e-01 -4.374957e-01 8.115291e-01
3.973448e-01 3.122282e-01 2.992326e-01
9.817026e-02 1.582293e-01 -9.402326e-01
1.073649e-01 -4.989874e-01 -2.078280e-01
2.806793e-01 1.629547e-01 9.538011e-01
-1.094316e-01 -4.973747e-01 -5.644711e-02
-3.847672e-02 5.115516e-01 -1.404554e-01
5.015894e-01 -3.446025e-02 5.454913e-01
-2.695592e-01 -4.240035e-01 -7.080945e-03
-2.915074e-01 -2.162703e-01 9.630804e-01
1.323574e-01 4.945274e-01 -8.271040e-01
4.924964e-01 9.590115e-02 -5.573862e-01
3.367229e-01 2.841895e-02 9.626045e-01
1.964972e-01 -4.037142e-01 9.886057e-01
6.211808e-02 -5.071207e-01 1.236405e-01
4.299697e-01 -2.653511e-01 -4.113140e-01
-3.796821e-01 -3.343337e-01 3.866036e-01
1.975657e-01 -4.694398e-01 -3.129953e-01
4.491948e-01 -2.238631e-01 -7.180022e-03
3.911347e-01 3.214944e-01 1.791270e-01
-3.740166e-01 -3.431413e-01 8.370940e-01
-3.797733e-01 3.359979e-01 4.389794e-02
3.828876e-01 3.278936e-01 -9.348678e-01
2.047743e-01 -2.257203e-01 -9.443130e-01
-2.429343e-01 -4.480587e-01 -9.274343e-01
-1.443657e-01 4.907098e-01 -4.496506e-01
-7.828987e-02 -1.713429e-01 9.649046e-01
4.312294e-01 2.612083e-01 -8.226520e-01
-2.385986e-01 4.514070e-01 4.112998e-02
4.740670e-01 1.555144e-01 2.449452e-01
-4.554565e-01 2.251296e-01 9.862527e-01
-1.341226e-01 -4.922921e-01 6.599514e-01
-5.036463e-01 3.617550e-02 4.632356e-02
-2.749035e-01 5.261747e-02 9.650104e-01
-6.170580e-02 -5.129687e-01 -9.185884e-01
4.951573e-01 8.993057e-02 4.390683e-01
3.362299e-01 3.777806e-01 -3.125101e-01
1.701133e-01 -4.746664e-01 -5.032837e-01
-1.333758e-01 -4.901996e-01 -4.836793e-01
-5.030421e-01 -1.499744e-02 3.831536e-01
5.038181e-01 1.041561e-02 1.855195e-01
1.141095e-01 -4.933840e-01 2.444586e-01
-3.717073e-01 -3.433144e-01 -6.716213e-02
-9.137629e-02 -5.015888e-01 2.917139e-01
4.910145e-01 1.093730e-01 3.275470e-02
2.665348e-01 -3.318466e-02 -9.446698e-01
-5.035960e-01 -3.966575e-02 -5.655474e-01
3.812446e-01 -8.994009e-02 9.550304e-01
1.530046e-01 -4.364541e-01 -9.461250e-01
4.841686e-01 -1.379078e-01 -9.291323e-01
-7.029524e-02 3.604008e-01 9.633714e-01
-5.040904e-01 1.329369e-02 -7.306544e-01
4.682494e-01 -1.781201e-01 2.474130e-01
1.194124e-01 -4.963225e-01 -8.207974e-01
3.745506e-01 -3.422331e-01 -6.266279e-01
4.715462e-01 2.109943e-01 9.605690e-01
-2.035349e-01 -4.148694e-01 9.837279e-01
-4.561108e-01 -2.128917e-01 1.261653e-01
-4.857720e-01 1.692007e-01 9.043503e-01
5.385116e-02 5.076521e-01 3.419512e-01
-1.969004e-01 4.709308e-01 1.763313e-01
1.598301e-01 4.850972e-01 8.891355e-01
-4.086071e-01 -1.987055e-01 9.796567e-01
4.959239e-01 -6.298602e-02 -5.052242e-01
-4.920429e-01 1.074952e-01 5.633101e-01
3.728706e-02 4.287397e-01 -9.669132e-01
2.625927e-01 4.334032e-01 -2.084122e-01
1.329421e-01 -5.048445e-01 9.669535e-01
3.847025e-01 3.267409e-01 3.609596e-01
3.616453e-01 -1.258960e-01 -9.453689e-01
-3.421082e-01 -3.766068e-01 -4.564145e-01
2.932814e-01 -3.238923e-01 -9.631608e-01
-9.514624e-02 -5.011407e-01 4.277047e-02
-3.677457e-01 -3.475497e-01 -2.035465e-01
4.404044e-01 2.395602e-01 4.923657e-01
-2.775141e-01 -4.183591e-01 -2.648980e-01
-3.959040e-01 -3.345782e-01 9.732984e-01
-2.409581e-01 -4.482728e-01 1.632185e-01
9.997500e-02 -2.121567e-01 9.672576e-01
2.481357e-01 4.088787e-01 -9.495350e-01
-2.501014e-01 -3.880673e-01 -9.459539e-01
-2.351710e-01 4.473039e-01 -5.150681e-01
5.012867e-01 -2.818354e-02 -5.555884e-01
4.214595e-01 2.672188e-01 2.410496e-01
1.911135e-01 -4.723386e-01 -5.591985e-01
6.905442e-02 5.060804e-01 8.095464e-01
4.490230e-01 2.290793e-01 6.563558e-01
3.756993e-02 5.224305e-01 9.504303e-01
-2.903587e-01 3.597676e-01 9.724260e-01
1.177691e-01 4.962630e-01 5.221869e-01
-7.069842e-02 -1.480332e-01 -9.392052e-01
-4.946232e-01 -7.105862e-02 -2.610038e-01
-9.642968e-03 2.283445e-01 -9.408889e-01
4.451222e-01 -2.632995e-01 9.415342e-01
2.866074e-01 -4.202071e-01 2.909287e-01
3.171145e-01 6.823262e-02 -9.554276e-01
3.507875e-01 -3.629916e-01 2.275097e-01
2.357552e-01 -4.501208e-01 6.224765e-01
-4.460805e-01 2.386732e-01 2.259394e-01
9.313952e-02 -5.007520e-01 6.590658e-01
-1.050562e-01 -7.453909e-02 9.680242e-01
1.773217e-01 4.778098e-01 6.987611e-01
8.603999e-03 -7.063034e-02 9.726639e-01
9.296821e-02 -3.674014e-01 -9.434713e-01
-3.611417e-01 -3.704218e-01 9.370003e-01
4.941394e-01 -9.676750e-02 5.386442e-01
-5.044935e-01 4.010487e-02 -4.571561e-01
-4.449305e-01 2.319476e-01 -2.642569e-01
4.700565e-02 -3.078383e-01 9.674824e-01
-4.228819e-01 2.742511e-01 -1.090369e-02
4.789658e-01 -1.582076e-01 8.849849e-01
-2.120635e-01 2.777514e-01 9.637283e-01
2.042903e-01 -4.663678e-01 4.489426e-01
4.447520e-02 1.626075e-01 9.663191e-01
-2.204613e-01 -4.523243e-01 -1.478474e-02
-1.062366e-01 4.995280e-01 2.929842e-01
2.729265e-01 -1.344379e-01 -9.442561e-01
2.397073e-01 -4.491307e-01 -8.183863e-01
2.569268e-01 4.535497e-01 9.389434e-01
1.993705e-01 -4.691952e-01 -6.035584e-02
-3.296166e-01 -3.861797e-01 4.426638e-01
-3.874904e-02 -5.026092e-01 -5.026413e-01
4.770610e-01 1.558206e-01 -5.501953e-01
7.919273e-03 -5.044572e-01 -9.792076e-03
1.648103e-01 8.676669e-02 -9.414167e-01
-1.229410e-01 4.927415e-01 -7.736572e-01
-1.617958e-03 4.817807e-01 -9.563551e-01
-3.780998e-01 3.366919e-01 -4.590820e-01
-4.172058e-01 2.853244e-01 -2.102245e-01
-2.389013e-01 -4.466707e-01 -1.487170e-01
-1.082128e-01 4.948644e-01 -2.530423e-01
4.852169e-01 1.117714e-01 -2.612180e-01
-2.818195e-01 -4.237179e-01 4.477265e-01
7.091791e-03 4.438340e-01 9.819831e-01
-3.607755e-02 -5.085497e-01 6.494822e-01
-2.327916e-01 -4.540705e-01 -5.599836e-01
-3.252915e-01 3.896813e-01 -9.411884e-01
-4.696308e-01 -1.874485e-01 4.470656e-01
-3.497089e-01 3.623796e-01 -7.866078e-03
-1.239602e-01 -2.040326e-01 9.691214e-01
1.216203e-01 -1.688546e-02 -9.418305e-01
-2.291327e-01 -1.993280e-01 -9.410030e-01
-4.881514e-01 1.228654e-01 4.903962e-01
5.054413e-01 1.023718e-01 9.754267e-01
-1.561805e-01 4.106645e-01 9.746469e-01
-4.356854e-02 5.126223e-01 -7.557513e-01
4.617062e-01 -9.041992e-02 -9.481084e-01
-2.270547e-01 4.522952e-01 2.383530e-01
-4.194542e-01 2.855187e-01 8.826321e-01
2.908014e-01 -4.139097e-01 4.939917e-01
-3.077597e-01 4.037658e-01 -4.122128e-01
-5.034453e-01 3.808414e-02 -3.733620e-01
2.355033e-01 -2.831909e-01 9.608862e-01
7.681731e-02 -5.004361e-01 4.996096e-01
2.056009e-01 -4.661748e-01 4.381206e-02
4.792288e-01 1.486151e-01 -3.094276e-01
-2.141811e-01 -4.591015e-01 -9.833689e-02
4.431962e-01 -2.369575e-01 4.972435e-01
-1.892389e-01 4.711556e-01 -9.324280e-01
-2.333058e-01 4.524076e-01 8.136308e-01
2.445768e-01 4.459873e-01 1.816954e-01
3.981009e-01 -3.045323e-01 -2.596621e-01
4.955512e-01 8.324565e-02 6.647894e-01
-5.024777e-01 -4.109467e-02 -8.156038e-01
3.692368e-01 3.468359e-01 -5.639638e-01
-4.549119e-01 -2.190463e-01 -8.212825e-01
-4.243240e-01 -2.630748e-01 -2.552101e-01
3.964275e-01 3.057471e-01 -5.067219e-01
-2.500419e-01 -2.950916e-01 -9.431575e-01
-2.276496e-01 -3.184317e-01 9.550172e-01
2.089683e-01 4.584591e-01 -5.088911e-01
5.004407e-01 -4.858567e-02 6.925749e-01
2.635606e-01 4.325162e-01 -8.209970e-01
-3.010644e-01 4.133975e-02 -9.408889e-01
-3.396773e-01 -2.001040e-01 -9.483366e-01
-5.035960e-01 -1.973300e-02 -3.607197e-01
4.993713e-01 5.102529e-02 -9.292463e-01
2.286779e-01 3.364976e-01 9.459623e-01
-9.088191e-02 1.338368e-01 -9.422586e-01
-4.820616e-01 -1.505223e-01 -9.216274e-01
-4.781806e-01 -1.599538e-01 3.060098e-01
4.864766e-01 -1.286719e-01 -6.089781e-02
-1.315106e-01 4.927310e-01 8.109078e-01
4.808719e-01 -1.513696e-01 -5.482416e-01
-5.110063e-01 -1.884498e-02 9.265046e-01
-4.599931e-01 -2.063604e-01 4.328466e-02
3.763946e-01 1.455941e-01 -9.651440e-01
2.217216e-01 4.573672e-01 -3.108406e-01
3.074966e-01 -4.002126e-01 -9.063671e-03
-2.821314e-01 -4.241264e-01 -8.191847e-01
1.930996e-01 -4.710934e-01 -9.321000e-01
1.514319e-01 4.873735e-01 -4.620073e-01
2.824234e-01 -4.283920e-01 -9.892993e-01
2.039879e-01 -4.626639e-01 2.490257e-01
5.464759e-02 -5.084981e-01 -3.126529e-01
-2.405642e-01 4.491928e-01 -5.539095e-02
2.889853e-02 -5.099377e-01 -3.969599e-01
2.631876e-01 -4.356993e-01 -9.263214e-01
4.824145e-01 1.447981e-01 5.399396e-01
-4.820721e-01 1.314078e-01 -1.059041e-02
-4.348090e-01 -2.815980e-01 9.272184e-01
1.275383e-01 -1.324200e-02 9.646932e-01
3.092613e-01 2.707707e-01 9.522544e-01
4.198971e-01 -2.816086e-01 6.142414e-01
-3.634404e-01 3.543982e-01 3.810122e-01
4.647611e-01 1.926848e-01 -4.611508e-01
-1.235358e-01 5.073970e-01 9.339732e-01
4.947647e-01 -9.590035e-02 -2.171154e-01
-4.955406e-01 9.496223e-02 4.402712e-01
3.074265e-01 -4.060922e-01 -4.560999e-01
3.309768e-01 -3.847508e-01 -8.259765e-01
-7.398456e-02 5.012014e-01 4.937537e-01
9.114338e-02 -5.026912e-01 -1.164715e-01
2.091448e-02 -5.044268e-01 -5.021284e-01
4.786432e-01 1.458901e-01 -1.459622e-01
3.237383e-01 3.271176e-01 -9.487789e-01
-3.763655e-01 -3.367620e-01 1.387640e-01
-7.132366e-02 1.217103e-02 -9.419018e-01
2.581770e-01 -4.394454e-01 -4.576835e-01
3.982820e-01 -3.130134e-01 4.008839e-02
4.255837e-01 -2.752505e-01 4.384735e-01
3.112970e-01 -4.017750e-01 -2.081135e-01
-2.483777e-01 4.462226e-01 -4.584978e-01
-1.232635e-01 -5.063765e-01 9.705093e-01
-3.768586e-01 3.327924e-01 2.404072e-01
4.787543e-01 1.494827e-01 -8.299566e-01
1.676736e-01 -4.828924e-01 -9.958482e-01
-8.424748e-02 5.058663e-01 -8.085922e-02
4.169943e-01 -2.788843e-01 2.390946e-01
2.909929e-01 4.178700e-01 4.336752e-01
3.071437e-01 4.041015e-01 3.421759e-01
1.585295e-01 4.754833e-01 9.971449e-01
-4.798356e-02 3.809650e-01 -9.441419e-01
2.073552e-01 1.703132e-01 -9.439707e-01
2.673513e-01 -9.583955e-02 9.582292e-01
-4.244747e-01 -2.631158e-01 -8.250765e-03
2.383765e-01 4.479477e-01 -5.607398e-01
4.395875e-01 -2.498179e-01 3.933319e-01
-1.537721e-01 -3.384367e-01 9.647856e-01
5.153235e-02 5.099390e-01 4.348252e-01
7.954946e-02 5.047850e-01 2.837377e-01
2.050968e-01 4.667062e-01 8.169356e-01
-4.024366e-01 -3.066751e-01 -3.181174e-01
-2.257342e-01 1.389501e-01 -9.461250e-01
5.018921e-01 1.667184e-02 3.829024e-01
-3.289306e-01 -3.783014e-01 -1.200349e-02
-4.969629e-01 6.981462e-02 -5.067074e-01
3.381043e-01 -3.946502e-01 9.439400e-01
2.777053e-01 -2.325187e-01 -9.522887e-01
4.590956e-01 -2.093094e-01 -2.086978e-01
2.497487e-01 -4.447117e-01 5.586175e-01
1.013158e-01 5.052331e-01 -9.917105e-01
4.363305e-01 2.561456e-01 4.419500e-01
-3.827369e-01 3.251785e-01 -9.940362e-01
-2.199471e-01 4.607049e-01 4.367683e-01
-2.042143e-02 5.068260e-01 4.875145e-01
-1.014674e-01 -4.518458e-01 -9.463819e-01
-2.496730e-02 5.122654e-01 2.885745e-01
-4.397169e-02 -5.091617e-01 -7.303966e-01
3.699321e-01 -3.472747e-01 -3.550132e-01
-1.326104e-01 3.868625e-02 9.610977e-01
-5.802937e-04 -5.009358e-01 -9.821653e-01
-2.942397e-01 4.130730e-01 -3.115544e-01
-1.081283e-02 -3.924057e-01 -9.451549e-01
1.164787e-01 4.994976e-01 4.338074e-01
4.587730e-01 2.066159e-01 -6.062687e-02
3.920825e-01 -3.172791e-01 -5.258545e-01
4.095839e-01 -2.983064e-01 -7.002927e-02
1.097844e-01 -3.906807e-01 9.571718e-01
1.456450e-01 3.243827e-01 9.666098e-01
-1.981601e-02 -5.105906e-01 -3.098558e-01
3.064788e-01 3.763318e-01 9.801062e-01
6.034375e-02 -4.250239e-01 9.669667e-01
4.955300e-01 6.705893e-02 4.866818e-01
-2.909535e-01 -4.096123e-01 2.383953e-01
-5.049073e-01 -1.719172e-02 3.041976e-01
8.761480e-02 -7.914180e-02 -9.418733e-01
5.076885e-01 2.667370e-02 -9.921099e-01
4.100175e-01 2.964901e-01 8.114499e-01
3.138376e-01 -3.184727e-01 9.859222e-01
-3.838156e-01 3.224541e-01 -9.905729e-03
4.643076e-01 1.913784e-01 3.541916e-01
-5.064697e-01 -1.196615e-02 1.848058e-01
3.102593e-01 3.147900e-01 9.813751e-01
-1.384266e-01 4.882194e-01 -9.337835e-01
-4.146651e-01 1.996248e-01 -9.447555e-01
2.185861e-01 4.558259e-01 4.882944e-01
4.029707e-01 -3.059811e-01 1.497355e-01
-4.209969e-01 2.819060e-01 2.864344e-01
3.310984e-01 -3.922827e-01 -9.615913e-01
4.920125e-01 7.752014e-02 -8.778159e-03
-2.680774e-01 -4.294945e-01 3.472784e-01
-4.500329e-01 -2.185056e-01 2.437608e-01
-1.001270e-01 2.910705e-01 -9.428578e-01
3.348181e-01 1.562901e-01 9.612167e-01
4.925056e-01 -1.104646e-01 4.444880e-01
9.162731e-02 5.109594e-01 9.081836e-01
3.080108e-01 4.043976e-01 6.762894e-01
3.066599e-01 4.009991e-01 4.914669e-01
-2.339615e-01 4.468545e-01 -2.599186e-01
-3.647517e-01 5.617936e-02 9.591018e-01
-1.099762e-01 4.825050e-01 -9.925380e-01
-4.794007e-01 -1.539935e-01 3.462378e-02
3.202103e-01 -3.937936e-01 6.119016e-01
-1.339098e-01 4.928235e-01 3.964912e-01
-2.757191e-01 -5.835290e-02 9.660679e-01
-4.951176e-01 7.545844e-02 -2.599899e-01
3.983732e-01 3.129936e-01 8.819578e-01
2.576829e-01 4.323008e-01 -5.084773e-01
-9.633723e-03 -5.107440e-01 3.863306e-02
-4.872129e-01 -1.279370e-01 1.828652e-01
-4.201496e-01 -2.784044e-01 6.892701e-01
-5.025081e-01 3.602243e-02 8.127056e-01
9.904708e-03 -5.112648e-01 -8.177585e-01
-2.482587e-02 3.499164e-02 -9.433286e-01
4.989378e-01 4.822678e-03 -2.514586e-01
-7.561838e-02 2.354175e-01 9.665438e-01
2.223467e-01 3.162367e-02 -9.410601e-01
-5.032840e-01 3.371592e-02 3.657050e-01
-4.517870e-01 -2.256291e-01 -6.155481e-02
-4.159857e-01 -2.709227e-01 -9.909971e-01
-5.045636e-01 2.763311e-02 -5.600974e-01
6.168464e-02 -5.169898e-01 9.402651e-01
3.533332e-03 -5.101425e-01 1.323292e-01
-3.233655e-01 -3.926397e-01 -3.107692e-01
-4.068120e-01 -2.995106e-01 4.168653e-02
4.078602e-01 2.883660e-01 9.961667e-01
3.190906e-01 3.913852e-01 1.294475e-01
-4.772024e-01 1.608011e-01 -5.329447e-02
-2.458397e-02 5.889406e-02 9.678127e-01
3.832511e-01 -2.354981e-01 9.833446e-01
4.348592e-01 2.527577e-01 -5.497101e-01
-4.878487e-01 -1.214863e-01 -5.025990e-01
2.323578e-01 -4.532430e-01 2.908719e-01
-1.765359e-01 1.755488e-01 9.616132e-01
-4.734615e-01 1.645264e-01 2.419484e-01
4.942293e-01 -9.408412e-02 -8.248489e-01
-1.860652e-02 -5.105496e-01 -1.183406e-01
2.501621e-01 -4.438538e-01 4.461138e-01
1.727346e-01 -3.060934e-01 9.663718e-01
2.896319e-01 4.161251e-01 -6.914496e-02
4.697009e-01 -1.785286e-01 -5.041826e-01
6.756231e-02 -4.850351e-01 -9.518893e-01
4.487811e-01 -2.327421e-01 2.963510e-01
3.618872e-01 3.531742e-01 -8.166164e-01
-4.671919e-01 1.802435e-01 -2.599053e-01
-1.644184e-01 -4.807483e-01 -1.018319e-01
-5.026985e-01 -2.259061e-02 -9.370080e-01
-2.036062e-02 5.185112e-01 9.223144e-01
3.654562e-01 3.412430e-01 -2.577785e-01
-4.767794e-01 -1.670257e-01 -7.559218e-01
-4.879187e-01 -1.026974e-01 -9.334706e-03
-3.886747e-01 3.301090e-01 9.915270e-01
-1.224440e-02 5.119085e-01 -4.659161e-01
3.522998e-01 -3.641548e-01 8.145694e-01
4.460197e-01 -2.400506e-01 -4.586405e-01
-2.017821e-02 5.076112e-01 -2.672523e-01
-4.453548e-01 -2.258327e-01 3.470271e-01
3.866681e-01 -2.493473e-01 -9.465532e-01
7.878319e-02 5.004573e-01 -1.316245e-03
3.540843e-01 -3.575826e-01 -6.837683e-03
3.963600e-02 -1.116080e-01 9.671651e-01
3.729869e-01 3.454175e-01 4.388040e-01
-1.275080e-01 -1.807638e-01 -9.406892e-01
-1.496479e-01 -4.885671e-01 8.833723e-01
-3.761831e-01 3.576037e-01 9.481038e-01
-4.869512e-01 1.295300e-01 -2.098531e-01
1.377410e-01 -4.921586e-01 1.817668e-01
-4.437316e-01 2.434399e-01 -9.483366e-01
-2.910844e-01 4.170333e-01 -2.087401e-01
-5.009351e-01 3.702268e-02 4.986182e-01
-1.066094e-01 4.993654e-01 2.420885e-02
-2.186477e-01 4.606534e-01 8.664435e-02
4.989576e-01 5.335229e-02 -2.108669e-01
1.673006e-01 -4.813101e-01 -7.306676e-01
-5.478982e-02 -4.419253e-01 9.890948e-01
1.590335e-01 4.838111e-01 -1.514982e-01
7.964015e-02 -4.981096e-01 -4.972191e-01
5.004196e-01 5.449531e-02 8.132475e-01
2.554046e-01 4.408241e-01 8.126130e-01
1.376063e-03 1.981041e-01 9.665834e-01
-1.850857e-01 -5.746460e-02 9.676673e-01
3.982212e-01 2.870798e-01 -9.807956e-01
4.051279e-01 -3.045218e-01 -3.470807e-01
2.571285e-01 2.140254e-01 9.638207e-01
4.848745e-01 1.312649e-01 -4.544873e-01
-3.044325e-01 4.020606e-01 -3.855616e-03
3.485589e-01 3.667180e-01 2.845230e-01
-3.278519e-01 4.033573e-01 9.498752e-01
3.549911e-01 3.594715e-01 1.971334e-01
4.480659e-01 -2.330685e-01 -6.164694e-01
-2.003082e-01 -1.006670e-01 -9.383064e-01
-2.360183e-01 4.367925e-01 9.891344e-01
4.115799e-01 2.814368e-01 -2.240394e-02
1.955393e-01 4.641537e-01 -2.567805e-01
2.357540e-02 5.106528e-01 -1.528253e-01
2.985340e-01 -4.262176e-01 9.659226e-01
4.866590e-01 1.264273e-01 6.883977e-01
4.031623e-01 7.088479e-03 -9.636316e-01
1.704864e-01 4.808303e-01 -5.640497e-01
-1.145340e-01 -4.913734e-01 -2.257479e-03
-3.915789e-01 3.186472e-01 -9.453118e-01
1.264293e-01 6.773256e-02 9.702185e-01
3.244548e-01 3.895888e-01 -5.585137e-01
-1.959434e-01 3.439793e-01 9.588638e-01
1.952471e-01 -3.146994e-02 9.534045e-01
2.513718e-01 4.435789e-01 5.425304e-01
7.747256e-02 4.991195e-01 -5.090762e-01
4.823431e-01 -1.452256e-01 3.870436e-02
-6.380226e-02 1.131187e-01 9.603575e-01
3.906708e-01 3.418048e-01 9.416400e-01
-4.476324e-01 -2.196688e-01 -2.630011e-01
3.408472e-01 -3.778309e-01 1.809393e-01
5.036568e-01 1.337538e-02 7.246212e-02
1.865868e-01 -4.028563e-01 -9.612346e-01
-3.858724e-01 3.282822e-01 5.536076e-01
4.255137e-01 -2.745049e-01 -2.082840e-01
3.681476e-01 3.458973e-01 -7.009628e-01
-3.710424e-01 -3.167278e-01 -9.521747e-01
3.460487e-01 -3.299345e-01 -9.581242e-01
4.009138e-01 -3.089513e-01 -8.106098e-01
-2.250733e-02 -1.827638e-01 9.655656e-01
-4.450614e-01 -2.371108e-01 8.118332e-01
-2.605468e-01 -4.338209e-01 5.301446e-01
-4.394567e-01 -2.469692e-01 8.882895e-01
4.982927e-01 2.189529e-03 -4.527096e-03
-3.676360e-02 3.187701e-01 -9.544859e-01
5.035960e-01 4.322614e-03 -8.168173e-01
4.600222e-01 2.075753e-01 8.133796e-01
-1.754374e-01 -4.728383e-01 -5.035124e-01
-1.933420e-01 4.693591e-01 -7.345354e-01
-5.963840e-02 5.102747e-01 9.924920e-01
-2.303012e-01 3.447751e-01 -9.632463e-01
-2.905094e-01 -3.388346e-01 9.896103e-01
-5.509119e-02 4.388532e-01 9.789296e-01
5.645219e-02 1.155987e-01 -9.410743e-01
4.804991e-01 -1.501561e-01 -6.628958e-01
-5.177721e-03 -1.355615e-01 -9.463676e-01
-3.775553e-01 3.346708e-01 4.904491e-01
-9.530644e-04 5.083765e-01 2.300055e-01
7.054640e-02 3.227806e-01 -9.547713e-01
4.660010e-01 1.837034e-01 4.873691e-01
-4.825057e-01 -1.348873e-01 4.848840e-01
2.407256e-01 -4.632244e-01 9.132200e-01
-1.207639e-01 -4.997725e-01 -6.920455e-01
8.287633e-02 4.612648e-02 -9.468670e-01
3.708098e-01 3.427539e-01 -3.155054e-01
4.411196e-01 -2.452046e-01 -9.316291e-01
-4.845123e-01 1.283460e-01 -5.107457e-01
5.031122e-01 7.057813e-03 -7.283425e-01
-3.664556e-01 -3.479475e-01 3.106324e-01
-4.200293e-01 -2.799959e-01 3.557382e-01
3.736928e-01 -3.420084e-01 2.922558e-01
4.958221e-01 -9.007228e-02 -2.982710e-01
5.021948e-01 1.292621e-02 -3.676978e-01
4.484585e-01 -2.272616e-01 -5.107311e-01
2.241110e-01 4.509985e-01 -9.563391e-03
-4.584809e-01 2.016660e-01 -1.074779e-02
-8.081991e-02 5.051723e-01 -5.729815e-01
4.999966e-01 1.185458e-02 -5.058085e-01
-2.809351e-02 -5.087638e-01 3.500939e-01
4.706685e-01 -1.828564e-01 4.393988e-01
5.149878e-01 4.097240e-02 9.415078e-01
4.570996e-01 -2.159134e-01 1.902425e-01
4.761026e-01 -1.660158e-01 6.055568e-01
-2.372886e-01 -4.508147e-01 -7.411553e-01
2.119423e-01 -4.628371e-01 -2.060580e-01
-6.089814e-02 -2.907229e-01 -9.438993e-01
3.845505e-01 2.133825e-01 9.817188e-01
3.477129e-01 -3.680134e-01 -2.148907e-01
4.662336e-01 -1.864174e-01 4.961198e-01
4.654167e-01 1.718221e-02 9.797756e-01
3.328420e-01 -2.185254e-01 -9.563122e-01
3.791177e-01 3.326086e-01 4.070176e-02
-1.206331e-02 5.078253e-01 -9.960765e-01
-2.774639e-01 4.108209e-03 9.668609e-01
1.297865e-01 -4.894541e-01 4.935026e-01
-4.977283e-01 8.033690e-02 2.926696e-01
4.282856e-01 2.549202e-01 -2.574652e-01
2.656173e-01 -4.278104e-01 -2.528136e-01
-4.717484e-01 -1.811815e-01 -4.625638e-01
2.464477e-02 -5.123051e-01 -2.060157e-01
1.600720e-01 1.504319e-01 -9.403038e-01
2.767274e-01 -4.263511e-01 3.759230e-01
-4.587228e-01 -4.143043e-02 -9.448124e-01
4.689950e-01 -1.638625e-01 -9.916391e-01
-1.990987e-01 -4.690326e-01 -9.352531e-01
-4.121549e-01 2.942549e-01 3.188487e-02
-1.645492e-01 -3.837911e-01 -9.617197e-01
-3.368551e-01 -3.808209e-01 -5.622943e-01
-4.026283e-01 -3.062256e-01 -2.091115e-01
-1.661817e-01 4.837595e-01 3.713538e-02
-8.500358e-02 -1.185372e-01 9.684340e-01
4.986152e-01 1.142603e-02 2.406359e-01
3.245552e-01 -3.871288e-01 -5.293786e-01
-1.431761e-01 -4.881282e-01 1.255375e-01
3.662229e-01 3.432840e-01 -5.089625e-01
2.852967e-01 3.974988e-01 -9.788410e-01
-4.553150e-01 1.776104e-01 -9.727486e-01
-2.743086e-01 4.281276e-01 8.068894e-01
1.134239e-01 4.984877e-01 3.490496e-01
2.290812e-01 4.533157e-01 2.774034e-01
-2.869813e-01 -4.160326e-01 -1.579621e-01
3.786325e-01 -3.553367e-01 9.449710e-01
4.976172e-01 -7.419275e-02 -5.503403e-02
-4.814865e-01 1.872756e-01 9.485401e-01
1.460483e-01 4.370780e-01 -9.481939e-01
-3.306847e-01 3.856602e-01 -4.588679e-01
-4.883734e-01 -9.762539e-02 2.409637e-01
4.596798e-01 -2.071455e-01 8.138953e-01
4.839769e-01 -1.281723e-01 -2.507594e-01
-1.031845e-02 -4.673380e-01 -9.472950e-01
-1.595275e-01 -4.953641e-01 9.413226e-01
4.302816e-01 1.457779e-01 -9.467956e-01
-1.725941e-01 -4.796868e-01 5.409177e-01
2.926463e-01 4.134101e-01 3.442424e-02
-3.607081e-01 2.253031e-01 9.579253e-01
-4.936054e-01 1.019431e-01 -2.996682e-01
4.951070e-01 8.319463e-02 7.241849e-02
1.234552e-01 4.968644e-01 -3.180884e-01
1.178196e-01 2.398563e-01 -9.431859e-01
-3.268738e-01 1.266927e-01 9.563786e-01
1.471572e-01 -1.297228e-01 -9.400613e-01
-3.865783e-01 -2.471332e-01 9.808198e-01
3.428233e-01 -3.734727e-01 -5.999620e-01
3.293337e-01 3.859761e-01 8.758377e-01
-2.988476e-01 4.106130e-01 -5.696280e-01
4.927885e-01 9.206365e-02 -3.038348e-01
1.269032e-01 4.946093e-01 5.839310e-01
-4.942610e-01 -9.632865e-02 -3.084004e-01
-4.655476e-01 1.119041e-01 -9.491641e-01
-1.888662e-01 4.690948e-01 -5.144125e-01
-4.309175e-01 -2.609519e-01 -2.082272e-01
-1.792880e-01 -1.502474e-01 -9.408318e-01
4.290721e-01 2.635150e-01 2.877761e-01
2.944005e-01 -4.098992e-01 2.395651e-01
-9.249457e-02 -4.965274e-01 -5.124297e-01
-2.843191e-01 -3.919457e-01 9.845739e-01
4.996238e-01 5.802666e-02 1.921117e-01
-3.857309e-01 -2.108811e-01 -9.596082e-01
4.729473e-01 1.688027e-01 1.416178e-01
-5.000177e-01 6.112920e-02 -8.115523e-01
4.984540e-01 5.749593e-02 -1.024598e-01
2.218479e-02 2.878253e-01 9.636621e-01
4.457672e-01 -2.569328e-02 9.824986e-01
-4.105225e-01 -8.640940e-02 -9.616342e-01
1.032112e-01 5.063052e-01 -9.239959e-01
3.264904e-01 3.785777e-01 -9.863380e-03
-4.467758e-01 -2.259345e-01 -5.115440e-01
-1.185657e-01 3.910283e-01 9.541580e-01
1.403723e-01 -2.991841e-01 -9.538296e-01
-3.985649e-01 -1.438588e-01 9.555194e-01
4.739559e-01 -1.602803e-01 -5.083544e-03
-3.717787e-01 3.415286e-01 -3.125670e-01
2.705271e-01 1.331632e-01 -9.432858e-01
-4.262076e-02 -5.102945e-01 1.693968e-01
-4.771918e-01 -1.222728e-01 -9.791406e-01
-2.489329e-01 4.439358e-01 5.371901e-01
-2.725440e-01 -4.272182e-01 1.107419e-01
3.344044e-01 3.823741e-01 8.113441e-01
7.463968e-02 3.819352e-01 -9.502199e-01
4.975062e-01 -7.660118e-02 8.048537e-01
-1.883916e-01 4.698390e-01 4.898278e-01
-3.784222e-02 5.110401e-01 -7.800538e-02
1.539322e-01 -4.046937e-01 9.642174e-01
4.521492e-01 -2.252722e-01 5.416051e-01
-2.961749e-01 -3.846080e-01 -9.534302e-01
4.446502e-02 2.271380e-02 9.718179e-01
3.990183e-01 -3.135541e-01 4.362264e-01
2.996228e-01 4.093784e-01 1.775725e-01
-3.710120e-01 -3.475391e-01 8.855930e-01
2.191507e-01 -4.539991e-01 -5.046823e-01
-6.286764e-03 5.130823e-01 1.800258e-01
3.733702e-01 -3.399979e-01 -4.882304e-01
-2.851056e-01 4.171350e-01 -5.105024e-01
1.789348e-01 2.439898e-01 -9.419589e-01
3.106215e-01 -2.079433e-02 -9.522887e-01
-3.613836e-01 2.826304e-01 -9.449979e-01
3.425312e-01 -3.747998e-01 -4.259245e-01
-4.680789e-01 1.860304e-01 -2.106382e-01
-5.030118e-01 -1.195597e-02 8.159442e-01
2.549912e-01 -4.405161e-01 4.047308e-02
-3.520380e-01 3.650035e-01 8.026066e-01
4.501016e-01 2.273137e-01 1.859188e-01
3.266980e-02 -5.103976e-01 -5.592553e-01
4.300011e-03 -5.057936e-01 4.974681e-01
4.226095e-01 1.678841e-01 9.803439e-01
-3.819108e-01 3.313542e-01 -5.687159e-01
-1.965991e-01 -3.556633e-01 9.644553e-01
-1.817784e-01 -2.413566e-01 9.663059e-01
3.793384e-01 -1.763343e-01 9.552947e-01
-5.045438e-01 1.733528e-02 -1.991526e-01
-2.923851e-01 -1.017787e-01 -9.416164e-01
-2.488615e-01 -4.457005e-01 -4.608943e-01
-2.492765e-02 -5.116627e-01 -4.596094e-01
2.057017e-01 4.630208e-01 1.996449e-01
-3.116010e-01 3.068390e-01 9.716726e-01
9.099216e-02 -5.030798e-01 4.148690e-02
-2.702955e-01 -4.288097e-01 1.928241e-01
-6.999254e-02 2.892952e-01 9.662265e-01
4.634207e-01 -2.004305e-01 -3.056616e-01
-1.152385e-01 -4.972716e-01 -3.068023e-01
-4.710227e-01 5.459735e-02 -9.458826e-01
2.487611e-02 5.109290e-01 5.379699e-01
1.407453e-01 -4.854026e-01 -2.500033e-01
-4.893106e-01 -1.141896e-01 1.340132e-01
-2.664449e-01 4.329445e-01 6.746108e-01
1.205618e-01 -1.461747e-01 9.653673e-01
4.462206e-01 2.221801e-01 -3.985126e-03
4.245249e-01 2.638098e-01 -5.049810e-01
-4.125489e-01 2.890903e-01 -5.095758e-01
4.020427e-01 -3.176875e-01 -9.904550e-01
-4.993515e-01 6.632411e-02 -7.209374e-01
-3.625032e-01 -3.544180e-01 4.410908e-01
1.194629e-01 -6.004620e-02 9.584012e-01
-4.972141e-01 -8.699101e-02 -7.317093e-01
-4.598926e-01 -2.097377e-01 -9.295032e-01
-2.798327e-01 -1.928060e-01 -9.555845e-01
4.762943e-01 -2.035131e-01 9.081704e-01
-3.466951e-01 3.669017e-01 2.452729e-01
5.019120e-01 -3.161271e-02 -4.632195e-01
-3.233854e-01 3.867217e-01 -5.138705e-01
-1.125696e-02 -5.088458e-01 7.851976e-01
1.885024e-01 -3.290264e-01 -9.444130e-01
1.757289e-01 4.772282e-01 9.080953e-02
-2.469567e-01 4.593275e-01 9.135769e-01
2.270825e-02 -5.017315e-01 9.970391e-01
-3.485906e-01 4.645297e-02 -9.573966e-01
4.849855e-01 1.340716e-01 4.346005e-01
-8.806899e-02 5.057235e-01 -9.600931e-01
3.720497e-01 3.414889e-01 -6.530754e-02
-1.663734e-01 4.694821e-01 9.911569e-01
-4.406463e-01 -2.462554e-01 5.480822e-01
5.045636e-01 1.250784e-02 8.918455e-01
4.070235e-01 -3.056334e-01 -4.547728e-01
-1.521687e-01 4.883120e-01 4.378258e-01
4.350099e-01 2.511146e-01 -3.022088e-01
2.491709e-02 5.049172e-01 -5.096617e-01
-4.914071e-01 9.713603e-02 2.435599e-01
2.598002e-01 4.142058e-01 9.824194e-01
-2.359773e-01 -9.600214e-02 9.666364e-01
3.215097e-01 3.905590e-01 -2.106805e-01
5.135364e-01 -4.892274e-02 9.238740e-01
-5.045544e-01 -2.771400e-02 -4.610080e-01
-5.000376e-01 -2.842847e-02 4.978647e-01
-1.856553e-02 5.115715e-01 -1.811184e-01
2.196649e-01 -4.551108e-01 -6.010201e-03
3.392954e-02 5.052847e-01 -4.470269e-03
-4.492054e-01 -2.196688e-01 4.987636e-01
-3.777059e-01 -3.359662e-01 3.650743e-02
2.434980e-01 4.467738e-01 -4.583682e-01
5.029311e-01 -7.848881e-02 -9.622619e-01
-3.454750e-01 3.646149e-01 -2.572087e-01
1.264999e-01 2.799027e-02 -9.419589e-01
3.989377e-01 3.070227e-01 -3.995428e-01
4.255533e-01 7.968377e-02 9.711307e-01
-3.903085e-01 -3.183206e-01 2.834959e-01
3.912246e-01 -3.152790e-01 2.451725e-01
-4.757100e-01 -1.700977e-01 -5.556744e-01
2.998446e-01 4.115013e-01 5.430195e-01
4.864673e-01 -1.331834e-01 -4.597813e-01
-1.378529e-01 4.926292e-01 1.851335e-01
1.764043e-01 4.913232e-01 9.309329e-01
3.100372e-01 -7.618409e-03 9.601459e-01
1.223261e-01 -4.893219e-01 -5.079777e-01
8.056770e-02 5.060395e-01 -2.071433e-01
-1.592565e-01 4.417415e-01 -9.480941e-01
3.540209e-02 -3.155150e-02 -9.444415e-01
-1.972732e-01 5.679165e-02 -9.402753e-01
2.062058e-01 -1.059743e-01 9.540258e-01
3.151978e-02 4.009079e-01 9.514878e-01
-1.984642e-02 -4.310556e-01 9.569073e-01
-4.877482e-01 1.280705e-01 8.153362e-01
-3.668283e-01 -8.680727e-02 9.562069e-01
-3.751653e-01 -3.316080e-01 -5.077067e-01
4.256842e-01 -1.790084e-01 -9.470096e-01
-1.794096e-01 -4.781059e-01 -5.577154e-01
4.631286e-01 -1.146483e-01 9.768807e-01
4.348592e-01 -2.600543e-01 -5.544332e-01
-5.002186e-01 -6.264895e-02 -2.050877e-01
-2.161375e-01 -4.546217e-01 -2.758985e-01
-2.984339e-01 2.169852e-01 -9.501344e-01
2.491639e-01 4.431612e-01 3.262078e-01
3.626235e-01 1.208344e-01 9.586259e-01
4.928691e-01 1.020452e-01 8.117274e-01
-1.105710e-01 -3.919047e-01 9.615206e-01
-2.868439e-03 -8.209220e-02 -9.427579e-01
-4.335691e-01 2.588303e-01 -5.735658e-01
4.164603e-01 2.832424e-01 -7.361044e-01
-1.849244e-01 -4.751449e-01 -3.480933e-01
-2.847328e-01 4.215342e-01 2.882466e-01
4.961249e-01 -8.611330e-02 -4.672287e-01
-5.001486e-01 3.405272e-02 -2.753711e-01
-4.827780e-01 -1.466545e-01 4.354994e-01
-2.066201e-02 5.114895e-01 -3.114685e-01
1.589226e-01 4.865975e-01 4.351424e-01
4.771813e-01 1.572597e-01 -9.505624e-01
-1.518964e-01 -4.878110e-01 -4.434299e-01
-5.792526e-02 -5.070084e-01 8.784153e-01
-3.215559e-02 5.118067e-01 4.154372e-02
2.468754e-01 -1.822642e-01 -9.429006e-01
-3.157345e-01 -3.989476e-01 -8.050170e-01
2.996228e-01 -4.123684e-01 4.352349e-01
-4.946338e-01 -9.415550e-02 5.423718e-01
2.422680e-01 4.479265e-01 5.915979e-01
-3.920242e-02 5.103672e-01 -5.589420e-01
-2.952509e-02 4.807589e-01 9.791940e-01
-4.937468e-01 -9.424671e-02 8.821562e-01
4.551934e-01 2.469098e-01 9.406352e-01
-4.495279e-01 -2.305279e-01 4.415799e-01
-1.084745e-01 -4.118991e-01 -9.638314e-01
2.123153e-01 1.399503e-01 9.661605e-01
3.161865e-01 3.958967e-01 2.914852e-01
-2.457763e-01 -4.456397e-01 4.034971e-01
2.179207e-01 4.734318e-01 9.442175e-01
-1.581065e-01 -3.069910e-01 -9.560411e-01
-3.166809e-01 -2.376515e-01 -9.515753e-01
2.387898e-01 -4.499370e-01 -5.750328e-02
-4.144946e-01 -2.887123e-01 -4.550728e-01
-4.968915e-01 3.746154e-02 -8.664506e-03
-4.217332e-01 2.805895e-01 1.918262e-01
3.834322e-01 -3.249128e-01 -5.839722e-03
-5.798475e-02 2.168015e-01 -9.376072e-01
3.507267e-01 -5.087116e-02 -9.552422e-01
-3.961248e-01 -2.713007e-01 -9.481796e-01
-1.854386e-01 -4.752176e-01 -6.373717e-02
-3.840879e-01 -2.933454e-01 9.823796e-01
1.109841e-01 4.983238e-01 7.993548e-01
4.155627e-01 -2.872014e-01 8.115821e-01
4.000269e-01 -3.110637e-01 -6.072521e-01
-1.969718e-01 2.304674e-01 -9.422870e-01
-4.962464e-01 -9.553288e-02 -4.617787e-01
-6.874206e-02 5.081121e-01 1.672713e-01
-3.344255e-01 3.802922e-01 -8.284444e-01
-6.783527e-02 -3.823728e-01 -9.421444e-01
4.270550e-01 -2.157297e-01 9.788635e-01
4.350509e-01 2.530842e-01 4.471094e-02
-4.547704e-01 2.482158e-01 9.491746e-01
-4.358771e-01 2.570233e-01 5.513736e-01
5.012471e-01 3.562442e-02 5.285451e-01
1.936130e-02 -3.161872e-01 -9.454402e-01
6.173501e-02 5.081624e-01 1.600512e-01
-6.331847e-02 5.026621e-01 -5.202618e-01
4.798237e-01 1.558411e-01 8.828434e-01
-2.925966e-01 -4.169513e-01 -9.225263e-01
1.573298e-01 4.831779e-01 -7.327654e-01
4.754880e-01 -1.668420e-01 8.178344e-01
-1.862634e-02 -5.100500e-01 -2.026198e-01
6.524349e-02 5.096733e-01 -6.263570e-01
-2.666762e-01 -3.507036e-01 -9.610919e-01
3.713940e-01 -3.454069e-01 -7.087961e-01
-2.796410e-01 2.528595e-01 9.604501e-01
-6.458877e-02 -4.747272e-01 -9.460538e-01
-4.735223e-01 1.731403e-01 -4.555289e-01
-1.457365e-01 -4.823200e-01 -2.506735e-01
-2.880494e-01 -4.117247e-01 -5.009441e-01
-1.024456e-01 -7.430511e-02 -9.421729e-01
4.671404e-01 1.758244e-01 -5.055944e-01
-4.858632e-01 -1.761096e-01 9.119509e-01
2.799232e-01 -4.243709e-01 -3.211128e-01
-1.541739e-01 -3.007218e-04 -9.410315e-01
-1.264902e-01 -2.291810e-01 -9.441847e-01
-4.116209e-01 2.912542e-01 4.812225e-01
-2.966798e-01 9.057352e-02 -9.438850e-01
-3.672818e-01 -3.470301e-01 5.396884e-01
-7.851193e-02 5.057844e-01 3.255205e-01
-6.951799e-02 5.056522e-01 6.406654e-01
1.438605e-01 -1.088625e-01 9.566166e-01
-4.703776e-01 -7.225359e-02 9.788503e-01
1.809511e-01 -4.759209e-01 5.417240e-01
-3.691971e-01 -3.479066e-01 -7.936318e-01
4.768112e-02 2.391425e-01 -9.437995e-01
4.732832e-02 -5.069476e-01 2.834813e-01
-9.345292e-02 -5.025696e-01 8.147413e-01
2.349387e-01 -4.519582e-01 1.935380e-01
2.103595e-01 2.822503e-02 9.663191e-01
-4.137584e-01 -2.913150e-01 -7.327377e-01
-3.733716e-01 -1.933268e-01 9.555722e-01
-3.162579e-01 1.510033e-01 -9.579959e-01
1.109640e-01 4.221462e-01 9.651689e-01
-4.119236e-01 -2.923051e-01 -5.551470e-01
4.189797e-01 2.763542e-01 4.983141e-01
-1.904894e-01 -1.504311e-01 9.677731e-01
9.453078e-02 -5.013244e-01 -5.611826e-01
-4.863973e-01 -1.297532e-01 -2.092966e-01
3.360475e-01 -1.704956e-01 9.581368e-01
9.798890e-02 4.985789e-01 4.841438e-01
2.105711e-01 -1.717104e-01 9.669007e-01
-4.157346e-01 -2.879879e-01 1.756465e-01
-2.026069e-01 4.814330e-01 9.242177e-01
1.940488e-03 5.094895e-01 -9.239102e-01
1.460584e-01 4.882194e-01 -1.985102e-01
4.654471e-01 -1.938370e-01 -8.278747e-01
-1.680165e-01 2.999494e-01 9.637943e-01
-4.195455e-01 -5.247325e-02 9.547660e-01
-5.354858e-02 -2.527259e-01 9.700070e-01
1.111152e-01 -4.696235e-01 9.770525e-01
-3.122857e-01 2.016558e-01 9.591282e-01
-1.379428e-01 1.596683e-01 -9.383492e-01
-1.262681e-01 -4.925261e-01 -1.255739e-01
-2.188486e-01 -2.622579e-01 9.640984e-01
6.094863e-02 9.058383e-02 9.611241e-01
-1.758802e-01 5.343228e-03 9.611505e-01
2.707436e-02 5.120923e-01 -4.497220e-01
-5.025372e-01 -2.779570e-02 -1.745264e-01
-2.592963e-01 4.369551e-01 -3.076867e-01
4.253722e-01 1.048517e-01 -9.624046e-01
-1.739146e-01 4.790761e-01 2.919703e-01
5.022953e-01 4.720628e-03 -2.091551e-01
-2.181124e-01 -6.217968e-02 -9.381066e-01
2.100368e-01 4.623269e-01 -9.948494e-01
1.381039e-01 -3.410487e-01 9.605424e-01
4.021432e-01 -3.076440e-01 5.417373e-01
-1.061454e-01 7.964292e-02 -9.400470e-01
-1.620892e-01 -4.858309e-01 -9.235108e-01
-2.195942e-01 -4.610922e-01 9.937609e-01
-2.472488e-01 -2.041859e-01 9.613488e-01
-4.993423e-01 -4.519641e-02 1.357818e-01
2.689039e-01 2.440308e-01 -9.552565e-01
-4.542060e-01 2.228843e-01 8.187068e-01
2.016085e-01 -3.591959e-02 -9.399186e-01
2.301499e-01 -3.716366e-01 9.741710e-01
3.648918e-01 2.054422e-01 -9.649728e-01
5.259091e-02 4.782791e-01 -9.493639e-01
4.869511e-01 1.107304e-01 2.111161e-01
2.665952e-01 3.075938e-01 -9.628468e-01
8.503531e-03 -2.494292e-01 -9.445129e-01
-2.661118e-01 1.690782e-01 9.627897e-01
-3.906615e-01 7.848973e-02 -9.578817e-01
-2.762134e-01 2.633207e-01 -9.441419e-01
-3.366939e-01 -3.797290e-01 1.451129e-01
-7.052125e-03 -5.047943e-01 -2.540402e-01
4.723525e-01 5.862877e-02 9.771847e-01
1.105607e-01 -3.287819e-01 -9.566262e-01
1.729867e-01 -4.922921e-01 9.393267e-01
-1.262087e-01 -5.003132e-01 -8.145054e-01
-4.356854e-02 5.134181e-01 -8.284166e-01
-1.239509e-02 9.553367e-02 -9.401041e-01
-3.193351e-02 5.097856e-01 8.051180e-01
8.985284e-02 -5.008855e-01 -9.199439e-01
4.876663e-01 1.226817e-01 -5.156682e-02
4.419563e-01 2.135764e-01 -9.863744e-01
2.341413e-02 -5.092741e-01 -1.375592e-01
1.862037e-01 3.135448e-01 9.662927e-01
1.253707e-01 -4.907706e-01 -1.769541e-02
3.881499e-01 3.177086e-01 -2.854291e-01
-1.098956e-01 -4.979656e-01 -9.945497e-01
-3.083043e-01 -2.531648e-01 9.524792e-01
-4.550335e-01 -2.168414e-01 -3.151776e-01
1.288690e-01 4.942617e-01 3.941515e-01
-4.261283e-01 -2.719947e-01 4.471846e-01
-3.583896e-01 3.589203e-01 5.329998e-01
-4.834032e-01 1.408177e-01 4.027345e-02
-2.569301e-02 -3.515403e-01 -9.562124e-01
-3.947143e-01 -3.072355e-01 4.940709e-01
3.683194e-01 9.595217e-02 -9.458541e-01
4.898235e-01 1.068726e-01 1.472821e-01
4.851362e-01 1.216202e-01 -9.953202e-01
4.961050e-01 -4.501267e-02 -2.401564e-03
-4.976582e-01 8.122492e-02 -4.561436e-01
4.331950e-01 2.592890e-01 5.403626e-01
-1.272357e-01 4.948129e-01 -5.844442e-02
-1.623312e-01 -2.674938e-01 -9.434427e-01
2.976973e-01 4.027347e-01 -2.607183e-01
4.328024e-01 -2.612480e-01 -3.419585e-01
-4.385287e-01 -2.482766e-01 3.126443e-01
-1.486909e-01 -4.176955e-01 9.916592e-01
3.330231e-01 -3.837501e-01 -3.073020e-01
2.883717e-01 2.833740e-02 9.632524e-01
-3.802968e-01 2.929687e-01 9.747922e-01
3.318241e-01 7.498904e-02 9.675088e-01
7.222001e-02 -5.043752e-01 5.407327e-01
-4.538834e-01 2.196388e-01 -3.029359e-01
2.921120e-01 4.093281e-01 -5.048237e-01
1.654839e-02 3.156247e-02 -9.418020e-01
-4.964487e-01 -8.806172e-02 4.374689e-01
-4.123466e-01 2.935715e-01 3.880181e-01
-3.094226e-01 4.029489e-01 8.770140e-01
3.666459e-01 3.556949e-01 -9.610206e-01
-1.241915e-01 9.529891e-02 9.625650e-01
-4.541148e-01 -2.432244e-01 9.742899e-01
1.858106e-01 -4.734001e-01 6.383256e-01
4.608801e-01 -4.911573e-02 -9.448553e-01
-9.744494e-02 5.038148e-01 -2.015068e-01
3.653360e-01 3.531543e-01 5.449098e-01
2.927975e-01 -2.237309e-01 9.635563e-01
3.196445e-01 3.888142e-01 -1.005061e-01
1.807899e-01 -4.407409e-01 9.790882e-01
4.293537e-01 -2.650655e-01 -2.933630e-01
1.151580e-01 1.822134e-01 9.667024e-01
-3.037267e-01 -4.086025e-01 8.044440e-01
2.894605e-01 -1.312126e-01 9.559425e-01
-1.231234e-01 2.997260e-01 9.652483e-01
4.921738e-01 -1.092802e-01 8.816671e-01
3.456363e-01 -3.700848e-01 8.634651e-01
3.986739e-03 -5.049159e-01 2.450298e-01
2.421168e-01 4.494982e-01 4.308728e-01
-5.101088e-01 -5.923987e-02 9.186925e-01
3.727754e-01 -1.296924e-01 9.613356e-01
2.094117e-01 3.999178e-01 9.826176e-01
5.429478e-02 -1.556154e-01 -9.406606e-01
4.912287e-02 -4.677359e-01 9.790882e-01
3.359470e-01 3.718613e-01 2.313472e-01
3.622706e-01 -3.545410e-01 5.968985e-01
-2.482772e-01 -4.376186e-01 -2.434680e-01
3.453494e-02 5.098266e-01 -3.574534e-01
-2.458397e-02 -2.933686e-02 9.680904e-01
-1.641355e-01 -4.803610e-01 -2.081704e-01
-2.809827e-01 4.289538e-01 -8.293009e-01
5.126389e-01 4.953000e-04 9.320828e-01
-4.133658e-01 2.936627e-01 8.083566e-01
2.116600e-01 2.197409e-01 -9.456685e-01
-1.012056e-01 -4.949860e-01 2.312757e-01
3.735222e-01 -3.359966e-01 -2.684657e-01
-5.031122e-01 4.070698e-02 1.276775e-01
-1.682385e-01 -4.794212e-01 1.628192e-01
-7.685829e-02 3.999073e-01 9.552287e-01
6.904424e-02 5.059575e-01 -3.870446e-01
2.987861e-01 -4.044491e-01 -2.574797e-01
4.250999e-01 -2.728420e-01 1.408473e-01
1.463407e-01 -2.021965e-01 -9.442846e-01
-7.917931e-04 -5.121319e-01 4.409058e-01
9.542806e-02 2.058912e-01 -9.407034e-01
1.270746e-01 -4.934554e-01 2.909287e-01
-2.121243e-01 -4.119296e-01 -9.467956e-01
-1.676939e-01 4.818005e-01 3.545089e-01
-3.671601e-01 -3.445398e-01 -2.868131e-01
3.301599e-01 -4.005391e-01 9.044559e-01
4.942504e-01 -7.953043e-02 -2.543694e-01
-4.125885e-01 -2.937036e-01 -9.184742e-01
-3.101284e-01 -3.940792e-01 -2.652404e-01
-9.634647e-02 4.135118e-01 -9.637172e-01
1.803260e-01 -7.628393e-02 -9.408175e-01
4.796624e-01 1.475333e-01 4.078764e-02
-4.174477e-01 -2.832015e-01 8.905500e-01
1.037555e-01 -1.163839e-01 -9.412312e-01
-4.847238e-01 1.368885e-01 -5.710556e-01
-1.188683e-01 -4.908222e-01 4.909911e-01
-4.551432e-01 -2.190767e-01 -4.660443e-01
4.502973e-02 5.042034e-01 2.390522e-01
4.406556e-01 2.432865e-01 -4.614931e-01
-1.524000e-01 -4.858414e-01 2.898157e-01
-3.336998e-01 -3.821996e-01 5.510035e-01
1.527829e-01 -4.818719e-01 2.468274e-01
-1.461397e-01 3.592164e-01 -9.466815e-01
4.247364e-01 -2.999190e-01 9.631334e-01
4.703367e-01 1.756202e-01 -1.999801e-01
-1.245590e-02 -5.111326e-01 -7.553798e-01
-4.749447e-01 5.817973e-02 9.782026e-01
-4.993991e-02 -1.824889e-01 -9.408032e-01
3.736769e-02 4.967428e-01 9.943821e-01
4.475319e-01 -2.341207e-01 -8.170592e-01
3.908214e-01 -3.389972e-01 9.008075e-01
-1.336587e-01 -2.579923e-01 9.663586e-01
7.036504e-02 5.061822e-01 8.745026e-01
-1.768584e-01 2.866819e-01 -9.570542e-01
-5.024777e-01 -9.803384e-02 -9.595368e-01
-2.240911e-01 4.560203e-01 -5.682017e-01
2.719465e-02 -5.107744e-01 -7.790620e-02
-5.025372e-01 1.720002e-03 -8.391278e-02
-3.016897e-01 -2.919397e-02 -9.434570e-01
-3.598912e-01 3.580016e-01 -9.958339e-01
4.342340e-01 5.439326e-02 -9.621049e-01
-4.803577e-01 -1.692630e-02 9.899804e-01
-2.826562e-01 4.225336e-01 5.351809e-01
3.947844e-01 3.074510e-01 2.398361e-01
3.067511e-01 4.008973e-01 -1.642250e-01
-1.378225e-01 -3.020010e-01 9.679317e-01
4.585509e-01 2.066057e-01 2.860643e-01
-3.963164e-01 -3.135844e-01 5.707521e-01
-1.973538e-02 3.532350e-01 9.642570e-01
1.349685e-01 3.753008e-01 -9.558842e-01
-1.234156e-01 4.684510e-01 9.777927e-01
1.002673e-01 -2.194336e-01 -9.440563e-01
1.657681e-01 -1.871418e-01 9.634373e-01
1.232939e-01 4.972835e-01 1.843497e-01
-2.834017e-01 -4.218911e-01 5.604813e-01
-4.262896e-01 -1.282846e-01 9.811503e-01
3.429436e-01 -3.730550e-01 -7.172851e-01
3.384572e-01 -3.796272e-01 4.406546e-01
-1.848530e-01 3.814250e-01 9.513027e-01
-4.079316e-01 2.955609e-01 -3.056616e-01
-3.255532e-01 -1.957762e-01 9.634903e-01
4.368050e-01 -1.402785e-02 -9.629896e-01
3.475305e-01 3.760146e-01 9.892402e-01
-4.773239e-02 5.093164e-01 -4.452144e-01
4.568272e-01 2.012272e-01 9.961005e-01
8.183800e-02 -5.033032e-01 -7.476324e-01
4.007830e-01 -3.120537e-01 -5.641779e-01
6.867121e-02 3.866807e-01 9.533912e-01
-4.590690e-02 -5.087136e-01 2.955949e-01
2.459983e-01 7.897961e-02 -9.453404e-01
-2.660510e-01 4.364038e-01 -7.566211e-01
-5.019728e-01 4.938209e-02 1.889300e-01
3.073049e-01 2.383560e-01 -9.478515e-01
4.963575e-01 -5.601584e-02 2.479828e-01
-2.169332e-01 -4.597757e-01 3.948959e-02
4.945730e-01 8.295987e-02 -9.519748e-01
-3.407665e-01 -3.678904e-01 4.888100e-01
1.793784e-01 4.785553e-01 3.060389e-01
-1.420763e-01 1.482886e-01 9.621155e-01
2.846313e-01 -4.208389e-01 -7.235203e-01
4.201390e-01 2.497266e-01 -9.496350e-01
-4.816188e-01 1.503502e-01 -7.423965e-01
1.058425e-01 -5.095398e-01 9.107480e-01
-2.651032e-01 4.127359e-01 -9.573110e-01
-3.827568e-01 -1.493610e-02 -9.417306e-01
1.443143e-01 4.846068e-01 2.390800e-01
1.004690e-01 -5.075398e-01 -9.600789e-01
-4.845718e-01 1.417873e-01 -9.243954e-01
-4.817192e-01 -1.461747e-01 -3.034501e-01
5.086971e-01 -9.459436e-02 9.651955e-01
-2.659201e-01 4.004889e-01 9.751887e-01
2.117508e-01 -6.695557e-02 9.536027e-01
-3.805797e-01 -1.097297e-01 -9.521176e-01
2.391225e-01 3.696366e-01 -9.619623e-01
-2.249807e-02 -5.002524e-01 9.985459e-01
3.418148e-01 -3.743504e-01 -3.567964e-01
-4.913767e-01 9.374771e-02 -1.526989e-02
5.021235e-01 -2.879595e-02 8.233201e-01
1.950756e-01 6.212945e-02 -9.408318e-01
2.159245e-01 6.684466e-02 9.654599e-01
-4.690862e-01 -1.804373e-01 3.379328e-01
-9.427910e-02 -1.124038e-01 -9.405464e-01
3.310469e-01 -1.641176e-01 -9.473521e-01
-7.011282e-02 4.421804e-01 -9.607495e-01
-4.622018e-02 5.068564e-01 -4.843071e-01
-1.813250e-01 -4.709612e-01 -9.970894e-01
3.593374e-01 4.099276e-02 -9.519036e-01
-3.462721e-01 -3.862312e-01 9.740652e-01
-1.003583e-01 3.356714e-01 9.632258e-01
-5.892327e-02 5.042840e-01 2.658186e-01
3.689248e-01 -1.606478e-01 -9.612203e-01
3.615039e-01 -3.517452e-01 -5.233443e-01
6.805628e-02 5.090097e-01 -3.207281e-01
2.532571e-01 4.469880e-01 -9.613773e-01
-1.442547e-01 5.010587e-01 9.746997e-01
3.451723e-01 3.706161e-01 -4.712670e-01
-3.625032e-01 -3.517757e-01 -9.913823e-01
4.886246e-01 -1.213343e-01 1.828652e-01
-5.017811e-01 3.075613e-02 -2.353782e-01
2.701339e-01 -4.041623e-01 9.802911e-01
-3.999952e-02 -1.025030e-01 9.681300e-01
4.965584e-01 -7.685630e-02 -7.409121e-01
-3.273285e-01 -3.593578e-01 -9.501201e-01
4.933225e-01 7.540741e-02 -5.015720e-01
1.543455e-01 -4.275758e-02 9.598288e-01
1.709098e-01 4.818005e-01 5.398470e-01
2.229919e-01 3.019811e-01 9.649312e-01
-3.265314e-01 -3.818520e-01 2.274661e-01
-1.836937e-01 -4.671331e-01 2.568578e-01
-1.043001e-01 1.985225e-01 9.637283e-01
-1.904379e-01 4.432722e-01 9.757704e-01
1.028804e-02 1.732015e-01 -9.391197e-01
