8.409337e-01 1.134932e-01 3.325979e-01
-9.145468e-01 -5.016050e-02 -5.501845e-01
-3.465229e-01 -7.187354e-01 6.405661e-01
-4.560269e-01 7.328898e-01 5.996969e-01
2.279352e-01 -4.872253e-01 -5.461143e-01
8.529468e-03 6.541526e-01 -5.016832e-01
-9.951255e-01 -3.768280e-02 4.354414e-01
-4.998194e-01 -6.805138e-01 -2.121923e-01
3.015279e-01 -5.102927e-01 2.497105e-01
-7.333162e-01 5.422788e-01 -9.891189e-02
2.064393e-01 5.299733e-01 2.868224e-01
4.703246e-01 1.445140e-01 -2.938325e-01
-2.350204e-01 1.719582e-02 -5.316099e-01
-5.391582e-01 4.951590e-01 -6.426124e-01
-7.635520e-01 -5.382514e-01 2.633211e-01
-2.202257e-01 7.399372e-01 -4.887931e-03
4.640797e-01 -1.545452e-01 6.412085e-01
9.111935e-01 -1.447633e-01 -1.496135e-01
-8.629082e-01 4.167886e-01 6.147282e-01
-5.881120e-01 -4.369682e-01 -6.426497e-01
-4.552431e-03 -6.924320e-01 -1.043442e-01
-9.121468e-01 3.071323e-02 -5.422657e-02
4.402210e-01 -8.052648e-02 1.362558e-01
4.393831e-01 3.101318e-01 6.281434e-01
1.000972e-01 -6.410000e-01 6.404880e-01
-2.053741e-01 -6.773746e-01 -5.509442e-01
-7.578061e-03 7.032554e-01 6.403911e-01
2.373044e-01 2.953630e-01 -6.431561e-01
-8.631353e-01 -3.694771e-01 -2.431118e-01
2.711394e-01 5.178037e-01 -1.520669e-01
-3.415152e-01 -7.419760e-01 1.963607e-01
-8.528166e-01 -3.753309e-01 6.379166e-01
3.664756e-01 -1.015152e-01 -6.140486e-01
3.486737e-01 -4.112233e-01 -1.509181e-01
-8.534440e-01 3.565385e-01 -4.411668e-01
-9.100522e-01 3.284048e-01 2.035459e-01
-6.071334e-01 5.855462e-01 2.745746e-01
-3.567288e-01 7.124198e-01 -3.554195e-01
4.404500e-01 2.810951e-01 1.006042e-01
-9.973599e-02 -3.446948e-01 -5.924353e-01
-1.291061e-02 -6.563665e-01 3.001985e-01
-2.148563e-01 7.561881e-01 3.515430e-01
-5.922808e-01 6.675976e-02 -5.323100e-01
-9.252083e-01 -2.824599e-01 1.155577e-01
5.862053e-01 -1.489225e-01 -2.025544e-01
9.587005e-01 1.276269e-01 2.891312e-02
3.641911e-01 -4.575909e-01 5.806940e-01
-6.602579e-01 -6.322768e-01 6.118273e-01
-1.559824e-01 3.924495e-01 -5.914225e-01
5.208014e-01 1.343472e-01 3.735249e-01
9.741992e-01 -1.464770e-01 2.178380e-01
7.238520e-01 -1.452640e-01 4.694756e-01
7.787453e-01 1.246999e-01 -2.297355e-01
7.503937e-02 1.103396e-02 -5.295451e-01
2.755000e-01 5.630355e-01 5.964254e-01
-1.275794e-02 6.384976e-01 -1.985823e-01
4.584622e-01 -2.753548e-01 3.678981e-01
-6.529256e-01 5.879518e-01 -3.773623e-01
-8.406303e-01 -3.308104e-01 -5.335165e-01
-3.899167e-01 -2.559461e-01 -5.326805e-01
-6.524117e-01 -5.403889e-01 -1.383225e-03
3.481971e-01 3.936430e-01 -3.999475e-01
-4.829503e-01 -6.580217e-01 -4.942839e-01
-4.824923e-01 6.388067e-01 1.584835e-02
-9.476389e-01 1.505025e-01 6.386186e-01
3.027486e-03 -6.222262e-01 -3.736049e-01
2.913170e-02 6.343008e-01 1.029407e-01
3.959127e-01 -3.001557e-01 -3.987019e-01
-2.986164e-01 6.251736e-01 -6.143782e-01
-4.005986e-01 2.869676e-01 -5.313176e-01
-9.456019e-01 1.425307e-01 -3.013287e-01
-5.018377e-01 -7.125166e-01 4.091957e-01
-8.937156e-01 3.283471e-01 -9.427792e-02
-2.428081e-01 -7.244534e-01 -2.652501e-01
-8.705812e-01 -2.849828e-01 3.907570e-01
-6.927411e-01 6.145830e-01 5.825615e-01
-7.169406e-01 -5.333229e-01 -3.869028e-01
-8.049483e-01 1.753231e-01 -6.350176e-01
4.072239e-01 3.723277e-01 3.785093e-01
1.874178e-01 -5.323417e-01 1.804859e-02
-9.498658e-01 -1.282035e-01 -2.762504e-01
1.431282e-01 -2.240196e-01 -5.930386e-01
3.071248e-02 7.062773e-01 3.683655e-01
-9.793792e-01 8.649693e-02 1.807075e-01
-1.027065e-01 -7.497570e-01 5.091774e-01
-6.801917e-01 -1.574335e-01 -5.940701e-01
4.896514e-01 5.382011e-02 -5.866596e-02
9.462302e-03 -5.573734e-01 -6.224012e-01
3.710262e-01 -3.026022e-01 7.797936e-02
5.152994e-01 7.736958e-02 6.118068e-01
-2.372482e-01 -7.373361e-01 -2.671455e-02
4.004074e-01 1.399121e-01 -5.658005e-01
-9.486295e-01 -1.519457e-01 6.385404e-01
-3.479891e-01 -4.799843e-01 -5.988218e-01
7.315324e-02 4.760184e-01 -6.440517e-01
-9.417924e-01 2.820000e-01 4.380890e-01
-5.697943e-01 -6.710384e-01 1.758590e-01
2.747385e-01 4.487523e-01 7.077519e-02
1.941766e-01 -5.125661e-01 -2.995971e-01
-8.006062e-01 5.044798e-01 3.696316e-01
-8.684041e-03 2.152983e-01 -5.913443e-01
-2.299746e-01 7.659893e-01 5.872741e-01
1.682623e-01 5.897616e-01 -3.521481e-01
4.184960e-01 -6.277282e-02 -3.687956e-01
-7.419220e-01 4.651205e-01 1.402273e-01
-4.229907e-01 7.297897e-01 2.717129e-01
9.283865e-01 -5.994232e-02 4.447287e-01
-6.158919e-01 2.917807e-01 -5.934278e-01
3.934754e-01 3.395354e-01 -1.567593e-01
5.378232e-01 -7.607852e-02 3.302034e-01
-8.736850e-01 -2.236156e-01 -8.434771e-02
-2.883916e-01 -6.968802e-01 4.045800e-01
1.924637e-01 -6.207236e-01 4.488380e-01
-8.848306e-02 -1.247182e-01 -5.916571e-01
8.573075e-01 -5.593713e-02 6.588800e-02
-7.503584e-01 -4.741118e-01 4.641225e-01
-8.331081e-01 -4.358119e-01 -1.390282e-02
-5.318278e-01 6.083623e-01 -2.100505e-01
7.183687e-01 6.034766e-02 4.936005e-01
-1.276116e-01 7.125166e-01 -3.523417e-01
-3.134182e-02 -7.124775e-01 1.032718e-01
4.182483e-01 -1.584926e-01 -6.030148e-02
-4.524278e-01 -6.481442e-01 -1.538268e-02
-5.038952e-01 6.503022e-01 -5.024037e-01
-8.028536e-01 4.566487e-01 -2.741669e-01
-7.307076e-01 4.726111e-01 -5.460566e-01
-9.150217e-01 -1.120673e-01 2.125408e-01
2.331728e-01 5.031504e-01 -5.155452e-01
-7.505856e-01 -5.199021e-01 -1.873283e-01
-5.627693e-01 6.875035e-01 4.424311e-01
9.936582e-01 4.638730e-02 2.051620e-01
-2.662092e-01 6.772982e-01 -1.881071e-01
3.255951e-01 -2.894123e-01 -5.968556e-01
-4.827213e-01 -7.944823e-02 -5.905660e-01
4.942969e-01 1.060220e-01 1.568152e-01
1.293611e-01 6.345708e-01 -7.032889e-02
-9.676566e-02 5.727976e-01 -6.393205e-01
1.318747e-01 -6.440033e-01 1.765405e-01
7.393321e-01 -5.112312e-02 -1.444539e-01
-1.335905e-01 6.839230e-01 1.966735e-01
1.420427e-01 5.861235e-01 4.530441e-01
-9.215347e-01 1.519660e-01 -4.945762e-01
9.350523e-01 7.964188e-02 -1.472965e-01
-1.752325e-01 -7.491779e-01 2.685010e-01
-8.643158e-01 -1.796160e-01 -4.338457e-01
-8.892600e-01 1.916128e-01 2.482433e-02
3.086311e-01 -4.275710e-01 4.114728e-01
2.274977e-01 9.776140e-02 -5.951612e-01
-4.007699e-01 4.775396e-01 -5.293700e-01
7.616210e-02 -3.893289e-01 -6.082264e-01
-6.719862e-01 -6.227066e-01 3.917308e-01
4.550717e-01 -4.176489e-02 4.932505e-01
-7.621817e-01 -5.963771e-04 -6.266073e-01
-1.547637e-01 -5.101959e-01 -5.283963e-01
-8.437341e-01 2.805943e-01 -2.621537e-01
1.424430e-01 -6.171804e-01 -1.641387e-01
-8.219514e-01 -3.652021e-01 2.423112e-01
-2.354965e-01 1.826403e-01 -5.903723e-01
-9.678594e-01 -1.168620e-01 4.561907e-02
6.071706e-01 3.681737e-02 -2.998503e-01
-4.332723e-01 1.086985e-01 -5.898845e-01
-3.317473e-01 -6.584462e-01 -3.994038e-01
-1.655789e-01 6.912776e-01 -5.196545e-01
8.400754e-01 -6.323495e-02 2.972771e-01
4.549972e-01 -3.059909e-01 5.623317e-01
3.663993e-01 4.233556e-01 2.127158e-01
4.129363e-01 2.175699e-01 2.574598e-01
4.072611e-01 -1.751103e-01 -2.297549e-01
-4.895455e-02 7.122857e-01 -4.988475e-02
2.169499e-01 -8.048812e-02 -5.289027e-01
-3.453234e-01 6.928193e-01 4.788019e-01
-6.176254e-01 -3.013696e-01 -5.327960e-01
-7.218542e-01 -4.801388e-01 -5.465817e-01
-6.462804e-01 6.188003e-01 4.754673e-02
-5.501454e-01 -5.902048e-01 -3.566447e-01
-3.119260e-01 6.860977e-01 1.555901e-01
-9.440473e-02 7.475041e-01 4.700807e-01
-5.024093e-01 -7.192941e-01 5.822897e-01
-9.250761e-01 1.109900e-01 4.793475e-01
2.480422e-01 -5.660965e-01 6.268586e-01
-7.788999e-01 -3.798554e-01 -3.855399e-01
-2.526521e-01 -1.452448e-01 -5.909551e-01
3.206423e-02 -6.447164e-01 4.700993e-01
1.109504e-01 -6.005441e-01 -5.020909e-01
1.117677e-01 3.661461e-01 -5.302656e-01
3.702646e-01 2.955548e-01 -5.325446e-01
-8.955813e-01 7.240660e-03 -3.999475e-01
4.598512e-01 -2.505930e-01 2.081020e-01
-7.478057e-01 -4.977378e-01 6.277151e-01
1.334182e-01 6.246914e-01 6.412849e-01
3.261481e-01 4.123591e-01 5.766816e-01
-1.678637e-01 -6.616618e-01 -3.961901e-01
-8.230555e-01 3.494520e-01 6.536239e-02
9.882885e-01 -1.775310e-02 -3.232212e-02
-2.444457e-01 -3.208175e-01 -5.318036e-01
-8.401164e-01 -1.761308e-01 -6.115946e-01
4.618323e-01 2.083273e-01 -4.597116e-02
3.162650e-01 -4.328273e-01 -4.275971e-01
-8.903064e-01 1.579931e-01 -1.429351e-01
-3.716780e-02 4.779064e-01 -5.301688e-01
-3.907354e-01 7.208543e-01 -8.012262e-02
-5.695858e-01 -5.136442e-01 -5.081850e-01
-1.809257e-01 -7.212379e-01 6.405066e-01
-9.605476e-01 2.074224e-01 2.869583e-01
4.771225e-01 2.390602e-01 4.795039e-01
-4.737729e-01 -5.664242e-01 -6.225185e-01
2.097144e-01 5.881064e-01 8.370366e-02
-9.622048e-01 -1.022470e-01 -1.185578e-01
-1.035442e-01 -6.611032e-01 -2.506470e-01
-1.000000e+00 8.511425e-03 5.815896e-01
-7.376453e-02 7.692681e-02 -5.907224e-01
-6.936739e-01 6.058021e-01 4.104413e-01
-4.773590e-02 -6.679588e-01 -5.103281e-01
3.317079e-01 -4.597079e-01 1.091130e-01
-7.264233e-01 -4.801965e-01 1.172128e-01
-5.881120e-01 5.177069e-01 -4.955872e-01
-7.245763e-01 -3.058364e-01 -6.407226e-01
4.566916e-01 6.949419e-02 -4.317250e-01
-6.078763e-01 -5.646331e-01 -1.640609e-01
-9.710396e-01 -1.762077e-01 3.373477e-01
-9.516365e-01 -2.671902e-01 5.163626e-01
5.651283e-01 1.146871e-01 -1.737573e-01
-7.793952e-01 3.215883e-01 -6.119055e-01
3.737688e-01 -1.596673e-01 -4.742477e-01
4.316524e-01 -5.333305e-03 -1.837066e-01
1.247118e-02 -2.671325e-01 -5.311407e-01
3.372490e-01 4.864936e-01 4.445537e-01
3.578884e-01 -3.426336e-01 2.804360e-01
8.659636e-02 6.117714e-01 2.570316e-01
-9.653849e-01 2.969271e-02 -2.076361e-01
-8.323465e-01 3.575197e-01 3.743032e-01
-7.313370e-01 4.387202e-01 -4.027906e-01
5.717344e-01 -1.283190e-01 4.633629e-01
-9.404612e-01 2.911458e-01 5.965428e-01
8.597447e-01 1.005536e-01 4.775954e-01
9.742756e-01 4.690734e-02 3.555927e-01
8.263602e-02 -6.625276e-01 2.647939e-02
-2.534456e-02 -7.147881e-01 6.298769e-01
6.901884e-01 -4.064810e-02 3.737967e-01
9.722572e-01 -1.448404e-01 5.700941e-02
8.720837e-01 1.018629e-01 1.478984e-01
-3.449426e-01 6.325859e-01 -4.763126e-01
-2.305459e-01 5.301464e-01 -5.281430e-01
-3.636405e-01 -6.497418e-01 -5.764693e-01
3.337634e-01 4.338681e-01 -2.612786e-01
-3.718853e-01 -7.189850e-01 -1.558053e-01
9.933566e-02 5.448575e-01 -4.732162e-01
3.886400e-01 1.931917e-01 -4.017982e-01
4.486369e-01 1.411489e-02 2.629320e-01
-4.858252e-01 -3.998041e-01 -5.326210e-01
-1.970341e-01 -6.878498e-01 1.410652e-01
2.962696e-02 6.689028e-01 -3.318196e-01
3.465977e-01 4.331941e-01 -5.124768e-02
-9.879664e-01 7.581003e-02 3.339031e-01
-7.487013e-01 4.752494e-01 5.550702e-01
2.517939e-01 2.195919e-01 -5.235478e-01
1.315712e-01 -6.525346e-01 3.172537e-01
-5.530761e-01 6.276965e-01 5.961723e-01
-1.296300e-01 2.545403e-01 -5.306753e-01
-5.796961e-01 -6.111552e-01 4.970470e-01
3.552240e-01 1.382611e-02 -5.113596e-01
8.429520e-01 1.139983e-02 -5.652419e-02
3.106867e-01 -3.972812e-01 -1.709603e-02
2.172347e-01 -3.500478e-01 -5.223022e-01
3.416468e-01 -3.303878e-01 -2.736995e-01
-2.498341e-01 -7.635241e-01 5.271878e-01
-4.520647e-01 -7.141327e-01 1.156357e-01
2.310018e-01 -4.851251e-01 -1.468682e-01
-5.987752e-01 6.409441e-01 -9.272024e-02
2.319160e-01 4.692019e-01 -3.779265e-01
1.657487e-01 6.030297e-01 -2.141199e-01
-6.150354e-01 -5.803459e-01 2.703108e-01
4.332331e-01 -1.765736e-01 4.701384e-01
5.812563e-01 1.351796e-02 4.815092e-01
-2.494425e-02 -4.425521e-01 -5.304220e-01
-4.531707e-01 -6.597366e-01 2.916895e-01
-8.660102e-01 -4.255676e-01 4.076186e-01
3.605919e-01 2.882375e-01 -3.064881e-01
-4.752196e-01 7.074522e-01 1.345037e-01
-7.217387e-01 2.266207e-01 -5.313958e-01
-5.062356e-01 3.725195e-01 -5.916757e-01
7.101612e-01 -1.325361e-01 -2.564879e-01
-2.120193e-01 -5.751083e-01 -6.405271e-01
-2.133771e-03 7.110159e-01 2.188695e-01
-8.210558e-01 6.148381e-02 -5.212316e-01
-3.647068e-01 -4.725273e-02 -5.319395e-01
-1.548209e-01 -6.741963e-01 -1.137485e-01
-8.001687e-01 4.798316e-01 1.898309e-02
-3.997608e-01 -7.457129e-01 4.982535e-01
5.291409e-02 -1.381587e-01 -5.306753e-01
-4.226667e-01 5.747042e-01 -6.326418e-01
-4.125943e-01 7.106304e-01 -2.130296e-01
-9.100149e-01 -2.624349e-01 -3.105582e-01
-8.334711e-01 4.561479e-01 2.481334e-01
-1.415115e-01 7.259374e-01 -1.725111e-01
-8.561475e-01 4.420140e-01 4.809450e-01
-6.853902e-01 5.020537e-01 -2.181893e-01
-4.615661e-01 6.300649e-01 -3.701194e-01
-1.264312e-01 -6.886784e-01 3.924309e-01
6.543537e-01 9.905153e-02 3.834936e-01
-8.545481e-01 2.302794e-01 -4.012136e-01
-1.249269e-01 -6.748126e-01 1.748387e-02
-2.844121e-01 3.631614e-01 -5.912865e-01
8.501483e-01 1.405717e-02 -2.235048e-01
-8.911071e-01 2.065938e-01 1.586269e-01
9.167905e-01 -1.553154e-01 3.558645e-01
-3.754838e-01 7.298269e-01 4.998045e-02
-6.458057e-01 4.196392e-01 -6.400616e-01
-5.750692e-01 -6.543053e-01 -7.486566e-02
2.058677e-01 -5.492666e-01 -4.283754e-01
4.269678e-01 -2.770696e-01 -1.138069e-01
1.048376e-01 1.418375e-01 -5.919494e-01
2.604947e-01 3.575961e-01 -5.011767e-01
4.138691e-01 1.579737e-01 -1.555132e-01
2.080964e-01 4.251840e-01 -6.157020e-01
2.884478e-01 -5.415638e-01 4.841960e-01
-4.378414e-01 -6.406351e-01 -3.190077e-01
2.628370e-01 -1.853921e-01 -6.375499e-01
-5.135101e-01 -2.226530e-01 -5.326991e-01
4.512845e-01 8.605398e-02 4.986817e-01
4.390032e-01 -3.723984e-02 1.557576e-02
2.263916e-02 -6.743713e-01 -2.344862e-01
3.182461e-01 1.359504e-02 -6.415400e-01
-7.034993e-01 5.838891e-01 1.653242e-01
5.051315e-01 -1.331907e-01 -3.075792e-01
-8.827675e-01 -3.473127e-01 -1.131061e-01
2.494236e-02 7.144046e-01 4.969501e-01
8.116288e-01 -4.657890e-02 4.921594e-01
-2.191596e-01 7.006933e-01 4.702557e-01
3.488637e-01 3.405948e-01 3.489065e-02
-7.599343e-01 -2.268311e-01 -5.247171e-01
-5.462410e-01 6.887175e-01 3.142169e-01
5.974216e-01 -3.288815e-02 -1.545787e-01
4.519306e-01 1.853554e-01 6.386968e-01
-2.715786e-01 -5.553514e-01 -5.257486e-01
9.040400e-02 -5.842931e-01 -2.928588e-01
-2.491296e-01 6.667263e-01 -3.986628e-01
2.211764e-01 5.004729e-01 -2.899262e-02
-6.441876e-01 -5.332466e-01 -2.787826e-01
-9.279509e-01 -3.034643e-02 3.097576e-01
-7.691881e-01 4.133031e-01 -1.629704e-01
-9.142415e-01 -1.607647e-01 4.464621e-01
2.121312e-01 -3.234372e-01 -6.429420e-01
-6.689773e-01 -6.072637e-01 1.011300e-01
9.984006e-01 -1.532701e-02 9.828722e-02
3.745117e-01 -3.279226e-01 4.716186e-01
-5.591888e-01 -6.695377e-01 5.313474e-02
-5.827049e-01 6.634157e-01 1.749820e-01
3.260904e-01 4.891524e-01 3.083575e-01
-1.068383e-01 -2.303930e-01 -5.317254e-01
-6.946440e-01 9.670234e-02 -5.930777e-01
4.371934e-01 -1.315924e-01 2.871147e-01
-8.051754e-01 -9.806843e-02 -5.237042e-01
-1.076760e-01 5.771880e-01 -5.176287e-01
2.276317e-01 -5.741066e-01 1.466714e-01
3.273080e-02 5.818298e-01 -5.970697e-01
-7.450650e-01 -4.363333e-01 -2.827150e-01
4.625175e-01 -3.552613e-02 6.146687e-01
4.617560e-01 -2.252522e-01 5.352407e-02
2.621332e-01 -5.580288e-01 3.544234e-01
-3.291578e-01 7.024268e-01 6.165585e-01
-9.181255e-01 1.215075e-02 6.553760e-02
-1.167013e-01 6.868500e-01 3.393157e-01
-6.473101e-01 -2.210498e-02 -5.927277e-01
-6.365390e-02 7.238576e-01 1.069712e-01
4.113741e-01 3.771612e-01 4.991882e-01
-5.188986e-01 2.568714e-01 -5.311817e-01
8.616122e-01 -9.063581e-02 1.810575e-01
-9.287311e-01 -2.317987e-01 -1.960901e-01
-8.763494e-01 2.563315e-01 -5.324459e-01
-7.310130e-01 3.564026e-01 -5.079914e-01
4.807775e-01 -1.179017e-01 -1.545396e-01
9.055666e-02 -4.722256e-01 -5.226522e-01
-2.347730e-01 -4.424944e-01 -5.928841e-01
-1.071239e-01 7.543783e-01 5.990154e-01
-3.769501e-01 -7.428250e-01 3.306112e-01
-9.777482e-02 -6.082282e-01 -6.124120e-01
-3.737321e-01 -7.283448e-01 2.712195e-02
8.593072e-01 -1.190187e-01 -4.604899e-02
-8.654404e-01 -4.362365e-01 5.369238e-01
-3.148964e-01 6.935696e-01 3.614726e-01
-8.230555e-01 -3.540138e-01 1.248459e-01
-9.271316e-01 -2.742581e-01 6.315303e-01
-8.847281e-01 -2.376340e-01 2.838042e-01
-8.761986e-01 -3.204320e-01 -4.084956e-01
-4.686321e-01 6.394025e-01 -1.081800e-01
3.845847e-01 -3.572293e-01 6.387545e-01
-4.522751e-01 7.270936e-01 3.837282e-01
-4.135844e-01 -5.613970e-01 -5.208219e-01
-7.320780e-01 -3.759845e-01 -4.972238e-01
-5.817330e-01 -9.562298e-02 -5.328555e-01
6.274503e-04 -5.635550e-01 -5.072317e-01
6.659684e-01 6.225409e-02 -1.557468e-01
-6.978241e-01 5.169752e-01 2.900938e-01
8.213015e-01 -1.335374e-01 -2.198638e-01
8.246530e-01 1.142443e-01 -1.252557e-01
-2.800137e-01 -6.931060e-01 2.904048e-01
3.035462e-01 1.704129e-01 -6.400802e-01
-5.889370e-02 3.441381e-01 -5.303829e-01
5.665751e-01 3.288908e-02 3.479215e-01
8.052499e-01 -1.485760e-01 3.784702e-01
9.918112e-01 -5.611047e-02 3.103628e-01
-6.257937e-01 3.945684e-01 -5.286104e-01
-5.952897e-01 1.799059e-01 -5.919885e-01
4.429822e-01 -5.499350e-02 -4.901560e-01
4.233314e-01 1.602845e-01 8.681905e-02
-1.262388e-02 -2.707298e-02 -5.903128e-01
-9.066821e-01 1.855479e-01 3.902506e-01
3.022894e-01 -4.721083e-01 -2.336880e-01
7.248035e-01 3.493031e-02 -2.711487e-01
-7.323461e-01 -5.815580e-01 4.923940e-01
2.721671e-01 5.403330e-01 1.961466e-01
-3.059090e-01 4.812374e-01 -5.956099e-01
2.780322e-01 -1.899761e-01 -5.239965e-01
-6.049810e-01 -6.068802e-01 -4.572111e-01
-8.538630e-01 -3.252842e-01 5.275379e-01
-9.452594e-01 -9.233035e-02 -4.117093e-01
1.449566e-01 2.589698e-01 -5.918898e-01
-9.032170e-01 2.063052e-01 5.344308e-01
-7.691322e-01 -5.403703e-01 3.746551e-01
-2.317455e-01 7.513359e-01 2.416111e-01
1.308283e-01 6.579845e-01 3.673731e-01
1.278194e-01 -5.956919e-01 5.356372e-01
-6.467757e-01 6.059175e-01 -2.106348e-01
-1.799547e-01 6.852133e-01 8.296393e-02
-5.917874e-01 -6.347812e-01 -2.544044e-01
2.275163e-01 4.836057e-01 -2.481546e-01
9.480187e-01 -4.082145e-02 -1.330244e-01
1.811524e-01 -5.489575e-01 2.792667e-01
5.034352e-01 1.252144e-03 -3.378373e-01
-2.841645e-01 6.800912e-01 -7.887662e-02
9.705053e-01 -1.319199e-01 -5.718611e-02
-9.627000e-01 1.270491e-01 -2.677302e-02
-1.564203e-01 -3.309985e-02 -5.908397e-01
-2.609921e-01 -6.780877e-01 -1.441813e-01
2.279184e-02 -6.386707e-01 1.932848e-01
-8.726443e-02 -4.840284e-01 -6.117901e-01
-7.901534e-01 -3.843427e-01 -1.617633e-01
-7.627347e-01 -5.180346e-01 -3.374351e-02
3.207784e-01 -3.859216e-01 -5.320959e-01
2.227945e-01 5.222705e-01 4.142582e-01
-3.637738e-01 -1.401035e-01 -5.907019e-01
-3.443142e-01 -3.660679e-01 -5.321927e-01
-1.820407e-02 -7.243585e-01 4.140050e-01
3.751392e-01 2.824227e-01 -5.409028e-02
1.064276e-02 4.018076e-01 -5.927072e-01
4.955723e-01 -1.663297e-01 3.754911e-01
-1.817254e-01 6.730624e-01 -2.657752e-01
-8.638205e-01 3.751392e-01 -2.114136e-01
-2.977026e-01 -6.983250e-01 -4.966392e-01
-2.870207e-01 -6.850960e-01 7.947859e-02
-6.152831e-01 -4.163064e-01 -5.257877e-01
-6.821728e-01 5.173997e-01 3.019822e-02
5.022939e-01 6.951875e-03 9.234878e-02
7.553837e-01 1.305730e-01 4.081623e-01
-2.796519e-01 2.621668e-01 -5.310439e-01
6.532478e-01 1.274344e-01 -2.616678e-01
2.109507e-01 -5.733171e-01 -7.946071e-02
-9.023792e-01 -3.107817e-02 -2.992061e-01
-9.816079e-01 -4.696394e-02 1.581986e-01
-7.701414e-01 5.428560e-01 4.744022e-01
8.534812e-01 1.883246e-02 2.295979e-01
-8.320803e-01 -4.632139e-01 2.963629e-01
1.776501e-01 6.192434e-01 2.020265e-01
-3.740749e-01 1.747262e-01 -5.311035e-01
-8.960188e-01 -1.764196e-01 9.647648e-02
7.791419e-02 6.382871e-01 -4.213466e-01
-8.485323e-01 6.113711e-02 -6.237437e-01
4.716259e-02 6.408864e-01 5.742481e-01
1.694037e-01 -4.342330e-01 -6.307333e-01
4.518170e-01 3.069405e-02 3.673731e-01
4.384875e-01 -2.054767e-01 -3.784906e-01
-9.896812e-01 -1.182098e-01 5.068798e-01
-5.593024e-01 -6.818023e-01 2.802610e-01
4.255210e-01 5.021915e-02 -2.795423e-01
4.561572e-01 2.799202e-01 3.673340e-01
-5.579134e-01 -6.410782e-01 6.339061e-01
3.679615e-01 3.160621e-01 1.678360e-01
-4.856352e-01 -4.622885e-01 -6.252239e-01
-4.892530e-01 5.469559e-01 -5.141246e-01
1.750416e-01 5.644208e-01 5.499685e-01
3.546896e-01 -3.409393e-01 1.738928e-01
1.473752e-01 -3.073148e-02 -5.922994e-01
-6.049252e-01 5.950383e-01 4.664778e-01
9.580898e-01 1.279350e-01 2.918459e-01
-1.969008e-01 6.073624e-01 -6.288453e-01
8.643716e-01 -1.428763e-01 4.640629e-01
-9.324326e-02 -7.325026e-01 1.846007e-01
3.854412e-01 2.412536e-01 -2.111993e-01
-7.137045e-01 5.271823e-01 -4.590618e-01
-8.833577e-01 1.265487e-01 -4.012136e-01
-1.881803e-01 -2.558306e-01 -5.912679e-01
2.676539e-01 -4.340990e-01 -3.240125e-01
3.916675e-01 -2.678065e-01 -4.972630e-01
7.911234e-01 1.301729e-02 3.477074e-01
-8.057284e-01 3.678609e-01 -5.629052e-02
-2.891152e-01 1.053097e-01 -5.314144e-01
8.726162e-01 1.138205e-01 -2.663673e-02
-2.052979e-01 -7.580742e-01 4.090206e-01
-1.706627e-01 5.006852e-01 -6.069211e-01
-7.138181e-01 2.448359e-01 -6.334406e-01
-4.114138e-01 6.591985e-01 -5.506128e-01
-1.140927e-01 6.451800e-01 -4.402917e-01
-1.378746e-01 -6.089581e-01 -5.040385e-01
-9.000555e-01 -1.342306e-01 -3.008297e-02
-1.597534e-02 -6.460849e-01 1.401099e-03
-9.231527e-01 5.389701e-02 -5.316863e-01
5.864735e-01 1.145137e-01 4.632064e-01
-7.974447e-01 3.628728e-01 -3.156394e-01
-5.719076e-01 -5.331311e-01 -6.105426e-01
4.292914e-01 1.754386e-01 3.494018e-01
-3.315761e-01 -5.723936e-01 -6.396519e-01
-5.487546e-01 -6.242482e-01 3.875638e-01
-9.693452e-01 1.227166e-01 8.567024e-02
4.733334e-01 2.055921e-01 1.661230e-01
-6.864571e-01 -4.186170e-01 -6.218948e-01
1.029906e-01 5.938448e-01 4.509327e-02
-7.292665e-02 -6.957258e-01 -3.800100e-01
-3.233504e-01 -6.694595e-01 -2.349340e-01
-4.445258e-01 6.695191e-01 4.738958e-01
-8.558440e-01 3.074172e-01 2.887495e-01
9.160494e-02 -6.516874e-01 -8.290695e-02
2.476046e-01 -4.733614e-01 -4.079184e-02
5.034744e-01 9.880129e-02 2.726084e-01
-1.197098e-01 1.735709e-01 -5.907224e-01
-5.818466e-01 6.252891e-01 -4.428035e-01
-9.099386e-01 -3.284625e-01 2.082584e-01
6.474981e-01 -1.423756e-01 3.979403e-01
5.019122e-01 -1.504053e-01 5.392978e-01
3.721117e-01 3.186818e-01 3.008017e-01
4.363370e-01 7.211280e-02 2.472695e-02
4.843002e-01 -1.273178e-01 4.844231e-02
-7.759487e-01 -9.914668e-02 -6.406258e-01
-6.195674e-01 5.287221e-01 -5.903332e-01
-2.765673e-01 7.003861e-01 -5.048373e-01
-8.498449e-01 3.337392e-01 5.598014e-01
-8.930677e-01 -2.266970e-01 -5.177460e-01
9.114690e-02 -4.968720e-01 -6.308711e-01
-5.258286e-01 1.954502e-02 -5.903910e-01
-9.170977e-01 2.667490e-01 -1.955061e-01
1.158807e-01 -6.176049e-01 -3.837096e-01
-5.435374e-01 5.975612e-01 -3.230201e-01
3.751578e-01 -2.043204e-01 -5.796830e-01
4.152581e-01 -3.129620e-01 -1.098220e-02
9.258729e-01 1.261828e-01 4.073058e-01
-5.000112e-01 -3.010233e-01 -5.929604e-01
9.880223e-01 1.006690e-01 1.216522e-01
-9.019975e-01 -7.862024e-02 -1.944351e-01
-8.215511e-01 1.770946e-01 -5.072131e-01
-2.955252e-02 4.993763e-01 -6.370825e-01
-2.950940e-01 6.722338e-01 -2.831823e-01
-3.675630e-01 3.838623e-01 -5.313753e-01
2.878762e-01 4.207936e-01 -1.302792e-01
8.836798e-01 -1.510023e-01 2.625038e-01
4.196001e-01 -1.839871e-01 1.468465e-01
-7.140285e-01 5.301651e-01 6.298173e-01
1.546107e-01 5.373298e-01 -5.649812e-01
3.145707e-01 1.034995e-01 -5.190512e-01
1.086267e-01 -3.406321e-01 -5.287463e-01
-9.112326e-01 -2.969401e-01 -3.006360e-02
4.917460e-01 -4.648263e-02 -8.738526e-02
2.004923e-02 1.448030e-01 -5.286885e-01
3.240683e-02 6.259631e-01 -5.471347e-02
-9.302354e-01 -7.829291e-02 5.745981e-01
1.086453e-01 -6.707704e-01 4.111619e-01
-9.636329e-01 9.298593e-02 -1.190445e-01
9.991621e-01 -5.179713e-02 2.055903e-01
2.271438e-04 7.012129e-01 3.572796e-02
-8.027009e-01 3.891948e-01 1.538752e-01
8.577842e-01 4.157347e-02 5.428355e-02
-6.598948e-01 -4.919229e-01 -4.552262e-01
-4.787033e-01 -6.346080e-01 -1.089197e-01
1.632742e-01 5.466096e-01 -9.708161e-02
-9.201252e-01 9.323636e-02 2.583554e-01
-4.094906e-01 -6.769501e-01 3.951754e-01
4.195610e-01 -2.749321e-01 -2.535293e-01
3.894388e-01 3.072049e-01 -4.190099e-01
-8.161813e-01 -4.718402e-01 1.546554e-01
-7.479770e-01 4.449205e-01 -7.217853e-02
-4.567307e-01 6.374977e-01 -2.648405e-01
-2.532408e-02 6.824967e-01 -4.109682e-01
-3.281868e-01 7.469269e-01 2.582195e-01
4.341082e-01 -2.515743e-01 6.400206e-01
6.531528e-01 -5.091141e-02 4.900368e-01
-1.106655e-01 -6.824390e-01 2.961674e-01
5.875868e-02 4.562056e-01 -5.286104e-01
-4.382045e-01 -6.870603e-01 -4.039972e-01
3.082680e-01 -4.209668e-01 3.079869e-01
-3.271205e-01 -7.299610e-01 -7.083515e-02
-6.968150e-01 -5.746651e-01 -8.010326e-02
-7.206737e-01 -1.828787e-03 -5.332633e-01
-8.438924e-02 6.622409e-01 -1.278259e-01
-9.221435e-01 2.811137e-01 3.979738e-02
-9.933362e-01 6.106021e-02 4.287627e-01
-5.382626e-01 5.797873e-01 -5.900595e-01
-7.310893e-01 5.315131e-01 -2.972790e-01
-1.831725e-01 1.015741e-01 -5.905474e-01
6.232968e-01 -1.033446e-01 -2.849549e-01
-5.009049e-01 6.392870e-01 2.187913e-01
-2.547276e-01 -7.153654e-01 -3.958010e-01
-6.125218e-01 -5.778025e-01 1.747288e-01
1.781640e-01 1.427426e-01 -5.267615e-01
3.808329e-01 -4.277833e-01 4.914593e-01
2.595805e-01 -6.338912e-02 -6.126466e-01
3.045181e-01 4.850506e-01 6.431934e-01
5.073583e-01 -2.453108e-02 1.984051e-01
-2.837076e-01 6.852710e-01 6.448616e-02
-8.675909e-01 2.441805e-01 -5.796495e-02
1.446704e-03 6.524397e-01 2.954673e-01
-7.802889e-01 -4.609796e-01 -4.353651e-01
2.693296e-01 -4.797534e-01 5.540182e-01
3.229866e-01 -3.516659e-01 -3.659133e-01
8.480703e-02 5.911879e-01 -2.626024e-01
-3.150487e-01 -2.552907e-01 -5.912865e-01
3.544233e-01 1.891867e-01 -4.903906e-01
2.096939e-01 6.053013e-01 3.666320e-01
-6.481537e-02 6.410391e-01 -5.729838e-01
-8.047192e-01 -2.637047e-01 -6.129575e-01
-8.604896e-01 -2.727946e-01 4.583320e-02
-4.143347e-02 6.991144e-01 -2.650751e-01
-1.836104e-01 -6.979396e-01 4.783160e-01
7.867572e-02 -6.088240e-01 1.071660e-01
3.457783e-02 -6.450627e-01 5.729633e-01
-4.117946e-01 -4.594193e-01 -5.328351e-01
5.523592e-02 2.440465e-01 -5.287463e-01
9.069074e-02 6.692101e-01 1.647209e-01
-5.228403e-01 4.592275e-01 -5.291354e-01
9.731137e-01 9.997579e-02 -5.942526e-02
-6.752613e-01 -5.469745e-01 5.761956e-01
-9.538074e-01 6.044392e-02 -3.455867e-01
-9.619962e-01 -1.767278e-01 1.628907e-01
8.846499e-01 -1.458224e-01 8.999270e-02
-8.895635e-01 -3.801440e-01 3.292483e-01
-8.798722e-01 -1.745903e-01 -3.218322e-01
3.280324e-01 2.551175e-01 -6.088687e-01
4.267220e-01 -4.311292e-02 -2.735636e-01
-9.973599e-02 6.718484e-01 3.697414e-02
2.159016e-01 -4.609405e-01 -4.565501e-01
-4.250854e-01 6.864254e-01 -4.624878e-01
8.106401e-01 -1.168043e-01 -1.255479e-01
-4.112233e-01 -3.430191e-01 -5.928841e-01
-8.484932e-01 -4.297812e-02 -6.243674e-01
-4.435743e-01 -2.026838e-01 -5.908192e-01
-9.432858e-02 7.379338e-01 2.615486e-01
-7.057262e-01 5.152436e-01 3.925482e-01
-6.512127e-01 -5.512886e-01 -5.320754e-01
6.723660e-01 -1.332678e-01 -1.713040e-01
9.367911e-02 5.905902e-01 -1.567398e-01
2.829067e-01 4.447678e-01 1.632221e-01
2.969773e-01 4.506217e-01 -4.731585e-01
1.291898e-01 3.784702e-01 -6.304615e-01
-9.053489e-01 3.632973e-01 4.825407e-01
-9.714399e-01 -4.030160e-02 -4.665263e-02
2.375316e-01 -5.404094e-01 -2.224533e-01
-4.149744e-01 6.681320e-01 1.991852e-01
-5.718704e-01 5.942098e-01 -1.740753e-02
-4.680791e-01 -7.144214e-01 2.186163e-01
-2.135044e-01 -7.517344e-02 -5.316285e-01
1.921583e-01 5.622852e-01 -4.370203e-01
-8.191901e-01 3.706705e-01 -5.313958e-01
-9.248843e-01 -9.483353e-02 3.826949e-01
-5.167667e-01 6.280801e-01 1.122478e-01
3.028238e-01 -4.931165e-01 6.401379e-01
3.913249e-01 -3.995341e-01 3.819371e-01
-7.017845e-01 -5.898771e-01 2.184599e-01
-1.914553e-01 -7.269763e-01 -1.888275e-01
-5.344736e-01 -6.026815e-01 -5.632106e-01
-1.720527e-01 6.983455e-01 5.638901e-01
-6.887417e-01 6.044150e-01 3.173319e-01
4.010926e-01 -2.517474e-01 2.788980e-01
-1.175392e-01 -6.905254e-01 5.813364e-01
4.368323e-01 2.361892e-01 -2.873102e-01
-4.257315e-01 -6.800893e-01 6.144750e-01
5.225535e-01 -5.968781e-03 5.517206e-01
-1.089229e-02 5.647485e-01 -5.083414e-01
-8.787308e-01 3.287139e-01 -3.408928e-01
-5.149569e-01 7.120939e-01 5.328537e-01
-6.175677e-01 -3.434436e-01 -6.140281e-01
-5.445652e-01 -6.989022e-01 4.888508e-01
-7.898666e-01 4.670662e-01 6.366710e-01
4.824904e-01 1.006304e-01 -1.371912e-01
1.678062e-01 -5.646331e-01 3.811774e-01
-2.203591e-01 6.906613e-01 1.692585e-01
1.960814e-01 -1.419906e-01 -5.930386e-01
-4.014745e-01 2.320352e-02 -5.900204e-01
2.911122e-01 -2.996362e-01 -5.054405e-01
-2.810229e-01 7.619080e-01 4.963469e-01
4.233891e-01 -2.167022e-01 5.509218e-01
8.572125e-01 1.930799e-04 1.409665e-01
2.453200e-01 -4.853764e-01 1.509557e-01
-7.452363e-01 -2.007008e-01 -6.398847e-01
-8.309389e-01 -4.618268e-01 6.229058e-01
-8.757406e-01 1.667735e-01 -5.793702e-01
2.128182e-01 2.003359e-01 -6.036311e-01
-9.317213e-01 6.756858e-02 5.760783e-01
3.233106e-01 4.058330e-01 3.746737e-01
-8.017867e-01 -4.815632e-01 5.749612e-02
-3.569001e-01 -6.228611e-01 -4.865532e-01
1.875128e-01 4.127650e-01 -5.154670e-01
-1.922170e-01 -1.763619e-01 -5.317645e-01
-5.661766e-01 6.142162e-01 3.607707e-01
3.533936e-02 6.792812e-01 -1.272612e-01
5.553402e-01 1.351751e-01 -2.609267e-01
-6.673593e-01 -2.220553e-01 -5.327196e-01
1.951486e-01 4.615624e-02 -5.289027e-01
2.989584e-01 3.404217e-01 -5.957254e-01
4.912694e-01 -1.382935e-01 2.156949e-01
4.146865e-01 1.019399e-01 -3.521872e-01
3.871169e-01 2.991558e-01 4.264073e-01
-4.040259e-01 -7.076830e-01 -2.439880e-01
-7.911235e-01 2.922816e-01 -4.900778e-01
-9.005898e-01 7.871762e-02 -2.455262e-01
-2.973978e-01 -5.508995e-02 -5.906256e-01
-6.140840e-01 6.647619e-01 5.422378e-01
-6.533260e-01 -5.875851e-01 -3.553990e-01
1.076175e-01 6.783763e-01 5.202559e-01
8.653436e-01 1.007846e-01 -2.095833e-01
3.944473e-01 1.596341e-02 -5.953958e-01
-6.937503e-01 3.445794e-01 -6.426124e-01
-1.370941e-01 4.711867e-01 -5.298951e-01
-1.864094e-01 6.787804e-01 -1.118014e-01
5.023516e-01 1.535643e-01 5.676289e-01
-4.393459e-01 4.675652e-01 -6.089655e-01
-9.183359e-01 -1.327094e-01 -5.171818e-01
-2.359914e-01 7.238781e-01 -3.248690e-01
-1.067622e-01 1.933313e-02 -5.316285e-01
3.935517e-01 3.905634e-01 6.303051e-01
-7.473495e-01 -4.699522e-01 3.216944e-01
5.235050e-01 1.604050e-02 -1.551238e-01
-7.522613e-01 1.276077e-01 -5.317849e-01
-8.156301e-01 -2.719270e-01 -4.722424e-01
-5.988386e-02 6.779332e-01 5.126630e-01
-1.280116e-01 -6.975728e-01 -4.665188e-01
-4.538559e-01 6.613155e-01 3.246139e-01
-4.859778e-01 -6.118273e-01 -4.190490e-01
-8.166579e-01 -4.510053e-01 -9.916492e-02
-5.008863e-01 6.843848e-01 -1.779628e-01
-9.871490e-01 3.019338e-02 2.479975e-01
-4.073771e-01 5.792492e-01 -5.125475e-01
1.540371e-02 -4.527573e-01 -6.235109e-01
4.152972e-01 2.440279e-01 5.754174e-01
-4.406418e-01 -6.704613e-01 4.785301e-01
-8.729030e-01 -4.392156e-02 -4.730989e-01
-3.115832e-01 7.363176e-01 -9.891858e-03
-9.011801e-01 -2.140266e-01 5.732352e-01
3.505263e-02 -6.516093e-01 -4.497745e-01
3.074507e-01 -4.143625e-01 1.806870e-01
5.003891e-01 1.482112e-01 4.575220e-01
-2.729877e-01 -7.014046e-01 5.963473e-01
3.495302e-01 -3.243998e-01 -1.600888e-01
-5.329691e-01 -6.079378e-01 -1.767753e-01
3.539281e-01 -3.683413e-01 5.493839e-01
1.373394e-01 -1.600138e-01 -5.298374e-01
2.863718e-01 -5.124488e-01 5.667836e-02
-2.203781e-01 -6.435807e-01 -4.720879e-01
-4.869293e-01 7.193964e-02 -5.319786e-01
-9.624151e-01 -1.928249e-01 2.483680e-01
-9.227151e-01 1.548211e-02 1.720625e-01
-7.190743e-01 -1.051160e-01 -5.330492e-01
8.987223e-01 1.835115e-02 4.677049e-01
-2.683608e-01 -6.412123e-01 -5.985108e-01
-6.824781e-01 -5.354027e-01 3.752192e-01
4.553007e-01 -2.958248e-01 4.761357e-01
-8.917922e-01 -1.529662e-01 -1.313696e-01
-9.809022e-01 -1.114319e-01 2.804546e-01
-9.431460e-01 -2.684228e-01 3.462085e-01
7.608094e-01 5.834515e-02 -1.427793e-01
1.146201e-02 6.219618e-02 -5.907801e-01
4.465999e-01 -9.631618e-02 3.889063e-01
-9.809785e-01 1.416835e-01 3.930733e-01
-8.457133e-01 3.153881e-01 1.415698e-01
-8.199144e-01 -3.839182e-01 4.741099e-01
-7.120102e-01 -5.000298e-01 2.056684e-01
-8.416003e-01 -2.900286e-01 -2.173327e-01
-3.569573e-01 6.681134e-01 -1.627369e-01
3.871542e-01 1.036922e-01 -4.725552e-01
4.383739e-01 2.758184e-01 1.460216e-02
-4.479908e-01 2.473775e-01 -5.914429e-01
-2.587643e-01 4.487337e-01 -5.300701e-01
-2.408660e-01 6.130804e-01 -5.071144e-01
2.732713e-01 5.578370e-01 4.743631e-01
-3.227466e-02 -1.900134e-01 -5.913834e-01
-7.752245e-01 -3.583669e-01 -5.950048e-01
-7.954264e-01 4.382585e-01 -4.602292e-01
-3.835571e-01 -6.651864e-01 -6.770041e-02
2.613903e-01 -5.045747e-01 -3.725735e-01
-6.301915e-01 5.632664e-01 1.258383e-01
1.801061e-01 -6.308339e-01 6.113395e-01
-3.611273e-01 -6.780673e-01 1.427968e-01
1.340400e-02 -7.177728e-01 5.106763e-01
-7.316219e-01 -4.607487e-01 -1.285852e-01
-8.228265e-01 -3.153490e-01 -3.419652e-01
-4.065013e-01 7.446925e-01 5.081850e-01
4.131076e-01 -1.343269e-01 -3.043860e-01
3.259378e-01 3.597336e-01 -2.201170e-01
-8.263493e-01 -3.895226e-01 -4.735662e-01
1.385013e-01 6.365965e-02 -5.920257e-01
-6.095018e-02 -6.765851e-01 4.975534e-01
-3.701144e-01 -6.800706e-01 2.469455e-01
-3.325470e-01 -6.942623e-01 4.916921e-01
-3.245881e-01 5.284912e-01 -5.278507e-01
1.047986e-01 -6.770655e-01 4.988772e-01
6.810091e-01 1.285512e-01 4.582035e-01
1.552754e-01 -6.201855e-01 1.723083e-02
1.895311e-01 2.893937e-01 -5.267801e-01
-7.770343e-01 -4.438033e-01 5.381304e-01
-8.822145e-01 3.861339e-01 2.741464e-01
2.041919e-01 -5.401208e-01 4.837491e-01
-9.139752e-01 3.372825e-01 3.736031e-01
1.620247e-02 -6.483751e-01 3.786843e-01
-4.113566e-01 6.608928e-01 -2.305400e-02
2.383322e-01 5.106409e-01 5.344698e-01
3.792913e-01 -3.862102e-01 7.918645e-02
-6.487177e-01 -5.663274e-01 4.803418e-01
-3.145726e-01 7.113418e-01 -4.307903e-01
3.149896e-01 -1.147439e-01 -5.210174e-01
1.440052e-01 5.793441e-01 3.132040e-01
-8.216646e-01 3.340669e-01 -1.367628e-01
4.552821e-01 -1.295708e-01 -4.097617e-01
-1.894559e-01 -6.943200e-01 3.375040e-01
3.777105e-01 3.285016e-01 5.745403e-01
3.344691e-01 3.563263e-01 -8.199181e-02
-9.093093e-01 -2.433334e-01 -4.035894e-01
-2.802422e-01 7.578639e-01 4.036657e-01
-8.811290e-01 3.389768e-01 6.392795e-01
-9.736295e-01 6.342859e-02 2.632356e-02
-1.178628e-01 -7.252057e-01 -4.879440e-02
-4.946972e-01 -5.636500e-01 -5.010203e-01
-5.002570e-01 1.755157e-01 -5.315894e-01
-1.475093e-01 -7.160208e-01 -2.954878e-01
-5.175282e-01 -6.283500e-01 1.268903e-01
-7.745206e-01 4.444215e-01 4.641616e-01
8.436949e-02 -6.742931e-01 2.521831e-01
-9.132696e-01 2.575250e-01 -3.014851e-01
-6.013633e-01 -6.687278e-01 4.362197e-01
-9.117465e-01 -3.616011e-01 5.810441e-01
1.608556e-01 -5.562749e-01 9.295223e-02
-9.947829e-01 7.615653e-02 5.103448e-01
-9.402321e-01 -2.195323e-01 -2.320985e-02
-2.280896e-01 -7.431322e-01 8.557285e-02
2.778032e-01 4.225848e-01 -3.213258e-01
7.494442e-02 6.682288e-01 2.452530e-03
2.084762e-01 5.822134e-01 -2.500121e-02
2.083421e-01 5.895884e-01 6.384622e-01
-6.697016e-01 4.546062e-01 -4.923568e-01
4.105362e-01 8.477334e-04 -4.328347e-01
5.227043e-01 7.987294e-02 -3.208193e-01
4.020254e-01 -2.204577e-01 -8.042220e-03
3.225118e-01 4.000164e-01 2.787416e-01
-5.917931e-02 6.767974e-01 4.301070e-01
-6.320777e-01 6.091536e-01 6.382481e-01
-8.429409e-02 2.948808e-01 -5.913834e-01
7.937950e-02 -5.710642e-01 -5.809863e-01
8.674941e-01 9.993725e-02 2.324988e-01
2.723962e-01 4.229497e-01 -5.643202e-01
-8.747705e-01 -2.523451e-01 1.731909e-01
-9.093279e-01 -1.462918e-03 -1.299092e-01
2.314394e-01 5.403908e-01 -3.339031e-01
-6.303256e-01 5.457829e-01 -2.641590e-01
3.501018e-01 3.630646e-01 -4.902919e-01
1.516390e-01 4.855701e-01 -4.954122e-01
3.351729e-01 9.489236e-02 -6.342188e-01
4.458197e-01 2.911272e-01 2.781384e-01
-5.168039e-01 -6.423480e-01 5.583602e-01
-6.381513e-01 5.498065e-01 -3.516491e-02
-1.812113e-01 -5.018210e-01 -6.093156e-01
-2.790617e-01 -6.706344e-01 -3.146284e-01
-7.790340e-01 -4.369477e-01 3.891409e-01
-9.337005e-01 2.118685e-03 4.712686e-01
-9.319112e-01 4.679579e-03 3.832013e-01
-4.743111e-02 -6.446791e-01 -3.073650e-01
-1.108940e-01 -7.167525e-01 -1.839210e-01
3.538909e-01 -3.240721e-01 -6.318319e-02
9.918875e-01 5.593806e-02 4.816973e-02
-8.800640e-01 -3.703056e-01 6.921751e-02
-9.804088e-01 -1.767084e-01 5.625664e-01
-5.296940e-01 -6.160446e-01 -1.931563e-02
1.163330e-02 -6.297558e-01 -1.534492e-01
7.875244e-01 -3.175200e-02 -2.471228e-01
5.368326e-01 -5.414633e-02 4.767203e-01
-9.800643e-01 1.657724e-01 5.027519e-01
-2.529759e-01 5.497879e-01 -6.394769e-01
-9.612347e-01 -3.820264e-02 6.378198e-01
1.330756e-01 -3.081675e-01 -5.988423e-01
3.143044e-01 -5.082911e-01 4.073263e-01
4.332146e-01 1.349247e-01 2.013060e-01
2.575622e-01 -4.821032e-01 3.231542e-01
-4.141486e-02 -7.275349e-01 3.366271e-01
9.855086e-01 -1.324204e-01 1.390394e-01
-8.686578e-01 -2.190315e-01 -2.552814e-01
-6.484514e-01 -4.998380e-01 -5.942843e-01
2.745858e-01 5.278544e-01 5.447831e-02
-4.978588e-01 -6.399796e-01 2.043055e-01
1.270951e-01 -5.253315e-01 -4.741117e-01
-7.260808e-01 -5.569694e-01 2.704393e-02
9.712090e-01 -9.949337e-02 3.766604e-01
-1.780315e-01 7.329271e-01 6.393782e-01
-7.578285e-02 -6.350698e-01 -4.422393e-01
7.869434e-02 6.548267e-01 -2.134384e-01
-8.725604e-01 2.856010e-01 4.792693e-01
-4.135653e-01 -5.151840e-01 -6.382108e-01
4.783588e-01 1.577620e-01 1.454389e-02
5.559708e-03 -3.537829e-01 -5.926495e-01
-7.600107e-01 3.954919e-01 -5.863804e-01
-7.292795e-01 4.528746e-01 -3.139078e-01
1.321223e-01 -7.860106e-02 -5.295637e-01
-6.992895e-01 6.063216e-01 5.029083e-01
-5.423570e-01 -3.692834e-01 -5.946362e-01
-6.653037e-01 3.043543e-01 -5.313362e-01
-8.600706e-01 2.533282e-01 -1.405597e-01
-9.137724e-02 6.606229e-01 -2.153855e-01
4.102122e-01 -1.758612e-01 -1.495356e-01
3.645522e-01 4.181944e-01 1.326344e-01
-8.252638e-01 -3.351059e-01 -5.851012e-02
-9.444978e-01 1.809264e-01 -1.974531e-01
2.582492e-01 -4.209668e-01 -5.796048e-01
-9.442111e-01 1.324835e-02 -4.632865e-01
3.848119e-01 2.513639e-01 -1.317784e-01
-6.573049e-01 5.117189e-01 -4.013700e-01
1.701280e-01 6.437557e-01 5.591981e-01
-9.326150e-01 2.668458e-01 1.262666e-01
4.407349e-01 2.900677e-01 1.882613e-01
3.636958e-01 -4.281482e-01 2.508798e-01
1.960423e-01 5.162825e-01 -1.792090e-01
-7.807656e-01 4.902491e-01 -1.807862e-01
1.624922e-01 -5.449339e-01 -1.361594e-01
-3.576998e-01 -6.607960e-01 -3.239157e-01
-8.166393e-01 2.504199e-01 -6.107381e-01
-9.170400e-01 -3.385914e-01 4.270683e-01
-5.512868e-01 3.296188e-01 -5.322895e-01
-4.768190e-01 6.978819e-01 -5.481084e-02
3.851749e-01 -2.992135e-01 3.875638e-01
-6.834873e-01 -2.444878e-01 -6.112054e-01
-8.310134e-01 4.484060e-01 1.089961e-01
-1.831917e-01 3.177564e-01 -5.913647e-01
-1.652833e-02 7.315213e-01 5.625458e-01
-2.195975e-01 -6.922198e-01 2.353420e-01
4.436860e-01 4.494319e-02 1.525328e-01
-7.499190e-01 5.398713e-01 1.151099e-01
3.256715e-01 4.095495e-01 4.974752e-01
-9.451887e-02 4.656791e-01 -5.964459e-01
-7.284808e-01 4.835294e-01 2.160264e-01
-8.931440e-01 -1.009760e-01 -3.477093e-01
7.292608e-02 -5.987920e-01 -1.971609e-01
-4.419172e-01 3.568644e-01 -5.312580e-01
-3.754269e-01 6.742745e-01 1.062898e-01
-2.211588e-01 -6.848465e-01 3.255430e-02
-6.142609e-02 6.491273e-01 -3.228637e-01
2.477945e-01 -5.827329e-01 5.378958e-01
-1.314960e-01 9.778058e-02 -5.310048e-01
4.816916e-01 -1.121828e-01 -4.482235e-02
6.730326e-01 -4.251599e-02 -2.777120e-01
2.682068e-01 -3.872491e-01 -4.732739e-01
4.030346e-01 2.684433e-01 5.014076e-01
-6.921117e-01 -5.723936e-01 -1.804356e-01
7.737572e-01 -6.290762e-02 3.601879e-01
-7.474445e-01 -5.718350e-01 5.959767e-01
-9.628322e-01 1.739174e-01 1.560369e-01
-5.069226e-01 6.870231e-01 6.386186e-01
-1.418541e-01 7.338133e-01 -2.539653e-04
5.702522e-02 -2.469921e-01 -5.928450e-01
-8.471600e-01 4.174049e-01 9.500855e-03
-7.593068e-01 -4.336372e-01 -4.114225e-02
-6.783838e-01 1.736863e-01 -5.933123e-01
-4.016458e-01 -7.483885e-01 5.837308e-01
2.765278e-01 5.473618e-01 3.625637e-01
-6.479003e-01 5.668487e-01 -5.096652e-01
5.462707e-02 6.361106e-01 4.803995e-01
-3.453614e-01 -5.233095e-01 -5.295264e-01
1.627603e-01 -5.138937e-01 -5.809473e-01
-3.528445e-01 2.655350e-01 -5.899050e-01
-7.660284e-01 5.511360e-01 5.656218e-01
-8.173617e-01 -4.418967e-01 -2.077531e-01
-1.909780e-02 -6.173926e-01 -5.808504e-01
-3.088032e-01 5.757487e-02 -5.902345e-01
-9.834736e-01 -1.345194e-01 4.160680e-01
-8.978473e-01 -2.120418e-01 3.832609e-01
-6.993658e-01 -4.819877e-01 -3.305944e-01
-1.735761e-01 7.098783e-01 -4.441459e-01
2.052774e-01 -5.259087e-01 2.085693e-01
4.275785e-01 -3.129992e-01 1.699977e-01
3.163041e-01 -4.663513e-01 -7.728002e-02
2.837446e-01 5.091588e-01 -7.552757e-02
-4.351379e-01 6.981723e-01 -3.088844e-01
7.020880e-01 1.335577e-01 -2.011525e-01
5.686511e-01 -1.334411e-01 3.731153e-01
-6.462488e-02 -4.629011e-02 -5.315317e-01
-5.174705e-01 -6.120787e-01 -2.608504e-01
-8.890496e-01 -1.494811e-01 -2.242252e-01
-8.481506e-01 -4.343875e-01 2.150526e-01
2.435866e-01 1.134211e-02 -5.977121e-01
7.534790e-01 -1.489033e-01 -1.849335e-01
-8.861376e-01 2.308566e-01 2.323815e-01
-1.502892e-01 7.531271e-01 3.948067e-01
-7.827653e-01 4.299022e-01 3.566819e-01
1.523242e-01 5.666365e-01 1.509557e-01
-9.448013e-01 2.819423e-01 5.155638e-01
4.729331e-01 1.478837e-01 -2.164369e-01
8.966649e-01 -1.522345e-01 1.370657e-02
-1.450910e-01 -1.900916e-01 -5.916757e-01
-9.247521e-01 1.977944e-01 -3.978640e-01
-4.840731e-01 -9.935430e-03 -5.323286e-01
9.729238e-01 -1.441087e-01 3.039168e-01
1.768868e-01 -6.194724e-01 2.480161e-01
-4.711439e-01 -7.043521e-01 4.147181e-02
7.299628e-01 -5.792045e-02 4.933473e-01
-3.475512e-01 5.605889e-01 -6.435062e-01
-8.906491e-01 1.708944e-01 -6.528605e-02
4.433434e-01 -7.783079e-02 2.155981e-01
1.162233e-01 -5.793814e-01 -7.210070e-02
4.573954e-01 3.348601e-02 5.637728e-01
7.332194e-01 5.697794e-02 3.734076e-01
2.969010e-01 -4.462108e-01 4.903496e-01
-6.239075e-01 6.522088e-01 3.948644e-01
-8.685815e-01 9.602832e-02 -4.713673e-01
-5.332931e-01 6.568673e-01 -3.787643e-01
-2.760722e-01 -4.636552e-01 -5.314926e-01
9.950508e-02 5.992165e-01 -5.276757e-01
3.552035e-01 -3.671850e-01 -4.373313e-01
-6.160446e-01 -6.365723e-01 1.333661e-02
7.022071e-02 6.709640e-01 6.410335e-01
-5.085779e-01 -6.700758e-01 -3.139078e-01
4.243592e-01 2.486287e-01 -3.620387e-01
8.087726e-01 -3.200243e-02 -1.097766e-01
-3.832905e-01 7.341596e-01 1.763654e-01
-5.331032e-01 -1.372344e-01 -5.923385e-01
-5.539903e-01 6.671693e-01 -3.276991e-02
-7.462138e-02 -5.563903e-01 -5.200436e-01
-3.311761e-01 6.743527e-01 -5.518975e-01
-8.471042e-01 -3.853053e-01 -3.223573e-01
7.717203e-01 1.157461e-01 4.815092e-01
-5.583509e-01 -2.377681e-01 -5.929213e-01
-8.504556e-01 -3.184491e-01 2.958174e-01
-7.940560e-01 4.566860e-01 -3.627592e-01
-1.806401e-01 -1.195000e-01 -5.914616e-01
2.955492e-01 2.897791e-01 -5.051668e-01
-9.896421e-01 1.268181e-01 5.793684e-01
-9.273215e-01 8.083575e-02 3.866086e-01
-3.280717e-02 2.546762e-01 -5.305375e-01
-3.367170e-01 -7.533952e-01 4.215012e-01
-4.394670e-02 6.204946e-01 -4.571924e-01
-8.737986e-01 3.920846e-01 1.811543e-01
1.460793e-01 -5.421428e-01 -3.816652e-01
-9.633089e-01 -4.286249e-02 -2.308259e-01
5.174891e-01 -1.524993e-02 2.771441e-01
-7.767289e-01 -4.205423e-01 9.561981e-02
-2.793853e-01 7.443853e-01 1.123451e-01
1.457367e-01 -5.516741e-01 -2.519522e-01
-7.604296e-01 1.135703e-01 -6.344721e-01
-1.799357e-01 -3.896957e-01 -5.925713e-01
-7.840407e-01 -4.192519e-01 -5.321741e-01
-7.306704e-01 5.227137e-01 -3.846629e-01
-9.189447e-01 -1.427223e-01 5.201982e-01
6.367043e-02 6.278492e-01 3.483293e-01
-2.118098e-01 -7.317335e-01 -1.157735e-01
2.986531e-01 -4.057120e-02 -5.230804e-01
-9.553305e-01 -2.481856e-01 4.428984e-01
-2.978929e-01 -7.532407e-01 3.332402e-01
-3.947531e-01 6.464517e-01 -4.021669e-01
9.059575e-02 5.836005e-01 -3.378373e-01
-9.678035e-01 2.221912e-01 5.808300e-01
-5.518193e-01 6.007563e-01 -1.373080e-01
-7.442643e-01 -3.039875e-01 -5.174351e-01
-5.947181e-01 5.548710e-01 -4.180957e-01
-8.298143e-01 3.667624e-01 4.946711e-01
-9.147367e-01 2.306257e-01 6.341202e-01
3.650475e-01 4.111656e-01 5.663944e-02
4.263589e-01 1.701241e-01 -4.771504e-01
-5.043141e-01 -4.729946e-01 -5.293887e-01
-4.762158e-02 -7.127661e-01 1.746450e-02
4.865476e-01 -1.399880e-01 1.321465e-01
3.841844e-01 2.136040e-01 -5.643202e-01
-5.552285e-01 -5.726580e-02 -5.921821e-01
-8.597839e-01 4.316543e-01 4.062948e-01
4.199800e-01 -2.106175e-01 3.724338e-01
-8.366122e-01 -3.520699e-01 3.847206e-01
-6.350158e-02 6.777600e-01 -5.022269e-01
-6.638552e-01 5.426046e-01 2.278254e-01
3.336871e-01 4.966802e-01 5.191853e-01
-6.161396e-01 1.383138e-01 -5.326601e-01
4.711233e-01 -1.802515e-01 -1.117696e-02
-3.209132e-01 -6.787990e-01 6.307650e-03
4.894410e-01 -2.219007e-01 5.983731e-01
-8.351468e-01 4.265712e-01 -9.320694e-02
-8.797400e-01 1.783847e-01 -2.949032e-01
1.453364e-01 4.738622e-01 -6.228686e-01
4.469425e-01 1.040002e-01 4.257259e-01
3.694473e-01 -2.255594e-01 -4.381691e-01
-8.484372e-01 4.415895e-01 3.218881e-01
2.173502e-01 6.048972e-01 4.565873e-01
-6.169588e-01 -6.536127e-01 3.194359e-01
9.238509e-02 -1.216373e-01 -5.924745e-01
-1.938543e-01 1.630380e-01 -5.309657e-01
-9.148504e-01 -6.275364e-02 6.084517e-02
-1.108178e-01 -6.650505e-01 -5.509833e-01
-5.847028e-01 -1.988724e-01 -5.331665e-01
-3.255782e-01 3.216460e-01 -5.312394e-01
3.036039e-01 5.013778e-01 1.184979e-01
-4.344155e-01 -6.467198e-01 -1.976283e-01
4.155635e-01 -9.344713e-02 -5.484510e-01
-7.708452e-01 5.319954e-01 3.065253e-01
-8.113329e-02 -6.609878e-01 -1.112174e-01
-9.165838e-01 -8.066128e-02 1.425435e-01
-4.085576e-01 -6.633562e-01 4.472349e-02
3.890775e-01 -2.360737e-01 -1.904630e-01
4.968291e-01 2.177859e-02 1.927523e-02
-8.833950e-01 2.518833e-01 3.648222e-01
-1.457004e-01 -7.596159e-01 5.857548e-01
-6.103322e-01 -5.931503e-01 5.627805e-01
-2.312504e-01 6.566570e-01 -5.844905e-01
-5.715092e-01 4.211977e-01 -6.327777e-01
4.202853e-01 1.445140e-01 -8.238133e-02
5.122329e-01 -1.076000e-01 5.995405e-01
-3.073753e-01 1.477297e-01 -5.900204e-01
-1.744520e-01 7.440763e-01 1.446661e-01
4.841289e-01 -1.903988e-01 3.058643e-01
-6.064539e-02 6.686719e-01 1.986974e-01
-9.238192e-01 -3.824119e-02 2.237180e-01
-6.117417e-01 5.656162e-01 -1.030396e-01
3.773102e-01 4.277256e-01 4.223372e-01
8.403807e-01 4.567493e-02 2.978617e-01
9.442201e-02 -2.639561e-01 -5.307125e-01
-1.381794e-01 6.517265e-01 -5.799157e-01
-2.727401e-01 -5.279885e-01 -6.291563e-01
-9.708311e-01 1.560675e-01 2.341150e-01
-7.711692e-01 -4.813137e-01 -3.644145e-01
-5.768008e-01 6.030093e-01 -5.309080e-01
-5.878643e-01 -5.813457e-01 -8.018109e-02
9.301254e-02 6.633766e-01 7.887495e-02
2.243752e-01 -2.510157e-01 -6.324872e-01
2.697113e-01 -5.029958e-01 -2.966180e-01
-4.656996e-01 -6.328745e-01 -5.618867e-01
1.184184e-02 -6.394602e-01 9.754747e-02
-4.328051e-02 -6.614495e-01 1.685565e-01
-3.936298e-01 6.800706e-01 3.635357e-01
-3.923350e-01 7.447894e-01 4.354414e-01
-9.144501e-01 -2.798606e-01 -1.101270e-01
-9.874600e-02 -4.490409e-01 -5.305579e-01
-8.035574e-01 -5.171297e-01 5.819397e-01
-7.037656e-01 4.886124e-01 -1.477054e-01
-3.035128e-02 6.481498e-02 -5.297014e-01
-2.948654e-01 -6.880993e-01 1.763263e-01
-5.358644e-01 1.357721e-01 -5.917930e-01
-5.894637e-01 2.223643e-01 -5.316472e-01
4.033958e-01 2.235783e-01 5.408879e-02
-6.887044e-01 5.328816e-01 4.623500e-01
-5.968332e-01 -6.776055e-01 5.826994e-01
-5.977269e-01 -6.989303e-03 -5.325241e-01
-1.644936e-01 -7.371052e-01 4.834493e-02
-8.681811e-01 -3.036617e-01 5.980416e-01
-9.545504e-01 -4.713729e-02 -3.490126e-01
-8.969330e-01 -1.901493e-01 2.063294e-01
-9.254745e-01 2.529614e-01 -1.030007e-01
3.669522e-01 -6.300389e-02 -5.019364e-01
-8.094988e-01 3.337001e-01 -3.823672e-01
5.034744e-01 4.887130e-02 2.048306e-01
-1.225658e-01 -5.456842e-01 -6.426701e-01
-4.468476e-01 -3.198362e-01 -5.326210e-01
6.349133e-01 1.355650e-02 3.677622e-01
-2.369626e-01 7.366248e-01 -8.203073e-02
-8.078994e-01 3.885413e-01 2.623660e-01
-2.805088e-01 1.824861e-01 -5.308894e-01
-7.535572e-01 -5.093115e-01 -2.774383e-01
9.779696e-01 1.181530e-01 2.103419e-01
-5.148042e-01 5.954814e-01 -4.368062e-01
1.283519e-01 6.632035e-01 4.407386e-01
-8.317377e-01 -4.784445e-01 4.869423e-01
-7.759301e-01 -4.284368e-01 1.983269e-01
-4.709353e-01 6.614700e-01 5.630132e-01
-8.117443e-01 3.963000e-01 5.651171e-01
-2.567078e-01 -6.999989e-01 4.718514e-01
3.956464e-01 -2.530564e-01 1.405773e-01
4.765509e-01 -1.523308e-01 -2.191629e-01
4.525395e-01 -2.294881e-01 -6.425398e-02
-8.709424e-01 -1.112008e-01 -5.975557e-01
3.273472e-01 3.481431e-01 -3.320542e-01
-1.111224e-01 7.247439e-01 -8.623645e-02
-2.799947e-01 6.931079e-01 2.692197e-01
-4.360521e-01 -7.074894e-01 -9.587453e-02
-6.961670e-01 -4.993371e-01 -7.768890e-02
4.834046e-01 -2.220553e-01 4.974361e-01
8.954472e-01 1.308233e-01 -1.135150e-01
2.937413e-01 4.212945e-01 5.859856e-03
-2.594307e-01 7.285943e-01 -2.535293e-01
1.348033e-02 -1.290893e-01 -5.913443e-01
-9.137648e-01 1.102968e-01 1.596193e-01
-9.468774e-01 7.080349e-02 -4.173155e-01
-6.108089e-01 5.920536e-01 5.413031e-01
-7.276615e-01 -6.246486e-02 -6.003802e-01
-6.551544e-01 -6.387098e-01 4.775172e-01
4.841476e-01 2.271793e-01 5.593917e-01
-3.280725e-01 -7.606735e-01 5.841591e-01
1.014285e-01 -6.106915e-01 4.695147e-01
1.433386e-01 -5.727771e-01 1.850290e-01
-4.003512e-01 6.960925e-01 6.294281e-01
-8.792447e-01 -1.079273e-01 -4.376441e-01
2.779187e-01 4.109347e-01 -4.052242e-01
2.763937e-01 -3.400735e-01 -6.136595e-01
2.614294e-01 4.866872e-01 4.672562e-01
3.928293e-01 -2.128704e-01 -2.899002e-01
2.546315e-01 -5.395622e-01 -1.216992e-02
-4.407181e-01 -8.799783e-02 -5.322318e-01
4.192762e-01 -3.367611e-01 2.425458e-01
-7.140657e-01 -4.870894e-01 1.261624e-02
-6.169588e-01 6.524192e-01 3.228823e-01
-5.143480e-01 -6.841911e-01 -3.787122e-02
-5.321313e-01 -3.239567e-01 -5.324273e-01
-5.856747e-01 3.569425e-01 -6.013335e-01
4.250071e-01 9.339034e-02 -1.858680e-01
7.515295e-02 6.820927e-01 2.685197e-01
-1.683370e-02 -7.160394e-01 2.598747e-01
-7.107348e-01 -5.901471e-01 3.377182e-01
-7.684843e-01 -5.257356e-01 1.591910e-01
-6.192118e-02 -3.346423e-01 -5.318818e-01
-6.728818e-01 -5.377710e-01 2.640994e-01
1.513542e-01 -6.275029e-01 9.863781e-02
6.507919e-01 -1.356170e-01 4.696133e-01
-1.228706e-01 6.736209e-01 -3.502862e-02
5.605014e-01 -3.152094e-02 -3.084934e-01
-4.392695e-01 6.466044e-01 -1.935395e-01
3.503290e-01 -4.209463e-01 6.411489e-01
-5.597418e-01 -6.386316e-01 -4.110464e-01
-6.451577e-01 5.637486e-01 3.577153e-01
-6.515180e-01 5.262178e-01 -3.310990e-01
-6.026201e-01 -5.804036e-01 9.427625e-02
-4.951739e-01 -6.761420e-01 6.393578e-01
-1.893798e-01 6.952640e-01 3.232119e-01
-3.776736e-01 -6.912571e-01 -4.795058e-01
-9.067584e-01 2.209977e-01 -4.778114e-01
4.210282e-01 -1.915346e-01 2.452530e-01
7.125799e-01 -1.158800e-01 3.835905e-01
-2.579646e-01 7.180056e-01 6.326213e-01
-8.798927e-01 3.607167e-01 -3.181586e-02
-6.088669e-01 -6.534582e-01 2.333367e-01
4.651652e-02 -6.950312e-01 3.106550e-01
3.382581e-01 4.348512e-01 -1.897622e-01
-7.985507e-01 -3.321585e-01 -4.374486e-01
-5.836750e-01 6.393075e-01 -2.809629e-01
3.793471e-01 -2.385966e-01 -3.556709e-01
-9.904427e-01 -1.097181e-01 5.969505e-01
9.106032e-01 1.923687e-02 -1.767168e-01
-4.529044e-01 -7.262074e-01 3.589218e-01
-3.995513e-01 -5.885104e-01 -6.246392e-01
-3.753887e-01 6.590439e-01 -3.108692e-01
-5.484883e-01 -6.295827e-01 -4.951218e-01
3.642486e-02 -6.805325e-01 6.404098e-01
8.664477e-01 -5.335687e-02 -2.065653e-01
2.782799e-01 -4.304794e-01 -1.809419e-01
4.910981e-01 1.662922e-01 3.150157e-01
-4.905470e-01 -6.367064e-01 5.278433e-02
-2.277323e-02 4.072965e-01 -5.301092e-01
-4.663084e-01 -7.289798e-01 5.168877e-01
-1.954158e-01 6.768552e-01 -1.946883e-01
-8.930099e-01 3.454079e-01 5.336841e-02
3.652765e-01 -3.910046e-01 -8.411422e-02
1.730977e-01 -4.438610e-01 -5.106204e-01
-2.365057e-01 -7.600590e-01 6.127993e-01
4.362979e-01 5.965446e-02 -4.990150e-01
-7.517345e-02 -4.167495e-01 -5.927277e-01
2.819739e-01 4.605755e-01 3.927623e-01
-9.552933e-01 -1.245257e-01 -2.034695e-01
-3.829098e-01 -1.754376e-01 -5.322709e-01
-9.747522e-01 -4.615531e-02 2.675198e-02
4.289674e-01 1.892258e-01 4.646085e-01
-9.275692e-01 2.968451e-01 2.645277e-01
2.338766e-01 -2.453163e-01 -5.266833e-01
-9.612142e-01 5.033477e-02 6.381308e-01
5.189358e-01 7.036054e-02 4.847415e-01
-2.833268e-01 7.003657e-01 5.626241e-01
6.689568e-01 -4.904353e-02 -1.511129e-01
9.844006e-02 -6.841706e-01 5.845091e-01
-8.254537e-01 -3.422687e-01 3.418982e-02
-2.157132e-01 -3.883086e-01 -5.316472e-01
2.791177e-01 -4.554720e-01 -5.092370e-01
-9.491042e-01 1.742063e-01 -1.073427e-01
4.378973e-01 1.246616e-01 2.766190e-01
9.103332e-02 3.329312e-01 -5.923776e-01
6.087197e-02 -6.501272e-01 -3.443783e-01
-5.004301e-01 6.952640e-01 6.974331e-02
4.450955e-01 9.645209e-02 3.428776e-01
3.383531e-01 -2.865803e-01 -4.547589e-01
-8.562238e-01 -2.387307e-01 -3.575402e-01
-6.804785e-01 -3.376865e-01 -5.260204e-01
2.016783e-01 -5.355181e-01 -5.021114e-01
3.029374e-01 -1.143588e-01 -6.415400e-01
8.095919e-01 5.435914e-02 4.951199e-01
-1.493372e-01 -7.549741e-01 4.514856e-01
4.552244e-01 2.132186e-01 -1.420395e-01
-3.077021e-02 -6.688246e-01 5.627022e-01
-9.285783e-01 -8.079609e-02 4.514651e-01
-2.560414e-01 -7.510473e-01 2.475097e-01
8.010419e-01 -1.173241e-01 4.805354e-01
-3.564050e-01 -6.910263e-01 5.767803e-01
4.013588e-01 3.401517e-01 -2.389131e-02
4.345086e-01 1.040257e-03 -1.138654e-01
4.803957e-02 -5.830214e-01 -4.570174e-01
4.507501e-01 -2.940281e-02 3.311958e-01
-7.073703e-02 -2.808438e-01 -5.923572e-01
-8.189798e-01 -1.958673e-01 -5.030070e-01
9.525991e-02 -6.109429e-01 3.771854e-01
-7.248612e-01 4.792153e-01 7.059999e-02
-3.615080e-01 7.559386e-01 5.849374e-01
2.157228e-02 -6.908922e-01 4.579428e-02
-7.012519e-01 -5.543887e-01 -3.134200e-01
-6.955657e-02 -7.454243e-01 5.851515e-01
-6.931973e-01 -5.758195e-01 6.399610e-01
1.998313e-01 4.846075e-01 -5.797798e-01
3.728174e-01 3.003698e-01 9.988381e-02
-9.814924e-01 2.899951e-02 1.368591e-01
-6.913130e-01 5.158785e-01 1.552586e-01
-3.751412e-01 -7.318099e-01 1.005264e-01
-9.387649e-01 -1.564130e-01 -3.544643e-01
-9.774558e-01 1.416258e-01 3.134182e-01
9.288259e-01 -1.432615e-01 4.234674e-01
-1.710435e-01 -6.786444e-01 -4.612682e-02
-5.947758e-01 5.892999e-01 1.799087e-01
-9.200116e-01 1.439556e-01 5.749872e-01
4.308331e-01 -7.806185e-02 -9.949597e-02
-7.722733e-01 4.196187e-01 -2.200983e-03
8.531945e-01 -6.119391e-02 -7.750084e-03
-8.473202e-02 -6.688246e-01 7.400732e-02
3.346218e-01 -4.243555e-01 -2.725712e-01
-8.242360e-01 4.889010e-01 5.803030e-01
1.114065e-01 6.068802e-01 5.547388e-01
5.065596e-01 -5.320289e-02 -1.549095e-01
-6.304205e-01 -5.730657e-01 3.376214e-01
5.055113e-01 -1.480947e-01 4.568982e-01
4.594137e-01 2.914344e-01 5.347417e-01
-6.708057e-01 4.821031e-01 -5.946753e-01
4.794834e-01 2.226529e-01 4.121152e-01
-3.341654e-01 4.446523e-01 -5.304406e-01
-3.962384e-01 -4.107411e-01 -5.930777e-01
-6.026778e-01 -5.492666e-01 -4.186990e-01
2.878371e-01 -4.324232e-01 6.287001e-02
-2.979500e-01 -4.139566e-01 -5.929027e-01
-9.444401e-01 2.241164e-01 7.235225e-02
-6.897508e-01 -4.308052e-01 -4.945166e-01
-6.393131e-01 6.190889e-01 -3.403546e-02
1.562287e-01 6.216881e-01 -2.454017e-03
-9.492197e-01 -2.045513e-01 6.238331e-02
4.516271e-01 1.007846e-01 5.786496e-01
-1.831155e-01 7.594613e-01 4.647835e-01
-7.588302e-01 -5.299919e-01 8.181511e-02
5.865498e-01 9.922487e-02 3.703708e-01
-9.872998e-01 -3.783678e-02 2.598747e-01
1.431821e-02 6.443515e-01 2.116843e-01
1.750602e-01 -5.645754e-01 5.750860e-01
-7.396765e-01 -4.953694e-01 -4.791557e-01
-1.320291e-01 -6.624513e-01 -3.373309e-01
-5.127748e-02 -6.496077e-01 -2.072857e-01
-8.450858e-01 -4.280905e-01 9.232923e-02
5.573118e-02 8.597690e-02 -5.289809e-01
-9.052540e-01 9.473819e-02 -7.817561e-02
1.744065e-02 6.136576e-01 -4.000071e-01
4.436860e-01 -1.437428e-01 5.751250e-01
8.535576e-01 -1.463808e-01 3.297156e-01
4.288353e-01 -1.185372e-01 -1.480605e-03
-2.044411e-01 -7.003080e-01 5.795061e-01
-1.014497e-01 6.886206e-01 5.801671e-01
-8.103367e-01 -3.439631e-01 -2.787826e-01
-6.385516e-01 6.043964e-01 -3.028666e-01
-2.120001e-01 2.555234e-01 -5.896518e-01
-8.370311e-01 3.036803e-01 -5.627227e-01
4.121729e-01 2.364796e-01 4.142974e-01
2.339139e-01 -1.407542e-02 -5.273834e-01
-9.064344e-01 1.259709e-01 5.864493e-02
2.064579e-01 3.565571e-01 -6.418323e-01
-9.055780e-01 1.709135e-01 2.686370e-01
1.254957e-01 -5.886631e-01 2.828304e-01
2.107236e-01 5.156085e-01 7.566238e-02
-2.057549e-01 -6.719639e-01 -2.886340e-01
-7.536522e-01 5.413720e-01 1.896633e-01
-4.250276e-01 -7.367980e-01 4.242456e-01
-5.048652e-01 6.438506e-01 3.665352e-01
-6.891606e-01 -5.015119e-01 -1.638661e-01
-9.927273e-01 -1.430649e-02 3.587077e-01
-2.155417e-01 6.511680e-01 -4.564905e-01
-8.997129e-01 -2.971710e-01 -2.522632e-01
3.615638e-01 4.669117e-01 5.969505e-01
-1.728526e-01 6.093640e-01 -5.067849e-01
1.980420e-01 4.901336e-01 -4.330879e-01
-9.978681e-01 -2.971096e-02 5.029474e-01
-3.283963e-01 -7.133247e-01 -3.556522e-01
2.783357e-01 4.281687e-01 -2.222977e-01
8.078901e-02 -1.698301e-02 -5.920257e-01
-3.116784e-01 -7.589214e-01 4.907965e-01
1.515607e-02 -6.989599e-01 1.509166e-01
4.128395e-01 -3.855548e-01 5.784728e-01
1.853790e-01 -5.749351e-01 -3.370572e-01
-9.415448e-01 -1.990828e-01 -1.290915e-01
-8.808813e-01 -3.772953e-01 1.516763e-01
-3.440096e-01 6.873490e-01 3.004908e-01
3.802800e-01 4.112233e-01 3.125040e-01
-4.590544e-01 6.030874e-01 -4.746964e-01
-5.997081e-01 -6.246523e-01 -3.257255e-01
-6.746320e-01 5.463415e-01 5.770521e-01
4.243220e-01 9.397329e-03 -3.336703e-01
-8.659152e-01 -2.359192e-01 -1.709729e-01
4.279006e-01 -1.977925e-01 -4.597824e-01
4.544256e-01 2.913767e-01 4.429189e-01
2.068955e-01 5.262569e-01 2.075769e-01
3.887927e-01 2.773005e-01 2.365299e-01
-3.254090e-02 7.238576e-01 2.853031e-01
-3.946008e-01 -6.776818e-01 3.204488e-01
1.537914e-01 6.397116e-01 2.842902e-01
-9.054830e-01 -8.805555e-02 -8.454247e-02
-2.129903e-01 7.439608e-01 8.824044e-02
4.028447e-01 2.512670e-01 3.151907e-01
-8.552724e-01 2.857927e-01 4.813081e-02
-8.855473e-01 -2.529800e-01 4.483315e-01
-6.273744e-01 5.518286e-01 -1.672735e-01
-5.498010e-01 6.191279e-01 2.866083e-01
-8.787308e-01 1.928454e-01 -2.068964e-01
9.516364e-01 -2.444898e-03 4.181125e-01
5.445576e-02 -6.173926e-01 -5.349390e-01
9.748862e-02 -5.935730e-01 -5.218980e-03
4.947921e-01 -5.976897e-02 8.598174e-02
-9.448200e-01 -2.394810e-01 1.806293e-01
4.878044e-01 1.626914e-01 2.294229e-01
4.723243e-01 -3.105881e-02 -3.940284e-01
9.960955e-01 -7.026335e-02 5.934595e-02
4.138300e-01 2.336681e-01 -4.586131e-01
-9.324326e-02 1.614399e-01 -5.299733e-01
-9.097096e-01 3.605808e-01 5.822506e-01
3.058122e-01 -5.301837e-01 5.795248e-01
-4.306265e-01 -6.209545e-01 -4.561218e-01
-4.208143e-02 6.602765e-01 1.096582e-01
-8.803861e-01 -2.887569e-01 -4.781037e-01
-2.201878e-01 -7.466941e-01 1.636503e-01
-1.886562e-01 6.821895e-01 -1.810854e-02
-9.609107e-01 -1.790245e-03 -2.843889e-01
-3.762835e-01 6.882166e-01 5.672975e-01
3.339738e-01 -1.770936e-01 -6.251066e-01
-7.106193e-01 3.161831e-02 -5.938560e-01
-4.068249e-01 -7.181955e-01 -3.397719e-02
-3.378403e-01 6.689791e-01 -2.269121e-01
-4.720265e-02 -5.278153e-01 -6.427670e-01
2.517753e-01 1.257590e-01 -5.254563e-01
-5.180998e-01 6.685751e-01 -3.147048e-01
-1.046867e-01 -7.181955e-01 6.408380e-01
-7.603030e-02 -6.729451e-01 2.398385e-01
2.860869e-01 4.974119e-01 -2.191629e-01
-4.269324e-01 4.043119e-01 -5.914616e-01
-8.952759e-01 2.727574e-01 -4.327956e-01
2.727760e-01 2.375763e-01 -6.420278e-01
9.003217e-01 -1.542178e-01 1.979191e-01
-5.396721e-01 -5.800182e-01 -4.427830e-01
-4.854062e-01 7.200649e-01 4.587881e-01
-9.618044e-01 2.301435e-01 4.749869e-01
-3.615842e-01 1.089296e-01 -5.911302e-01
4.032431e-01 -9.635472e-02 -4.348009e-01
4.383553e-01 -3.183336e-01 6.256316e-01
-1.567441e-01 7.599622e-01 5.438744e-01
1.388066e-02 -6.316028e-01 -8.456202e-02
-3.585567e-01 6.975933e-01 -4.807328e-01
-8.172854e-01 -4.333672e-01 -2.872711e-01
9.127929e-01 1.305153e-01 1.037196e-01
-1.321816e-01 6.927411e-01 4.702352e-01
-6.399592e-01 -6.173163e-01 -5.975631e-02
4.210468e-01 -1.679857e-01 8.230183e-02
-3.349461e-01 7.264010e-01 -1.860043e-01
-6.555733e-01 6.241142e-01 2.503528e-01
-7.046220e-01 -4.637520e-01 -4.149397e-01
-7.563166e-01 -5.191890e-01 -1.089197e-01
-6.187109e-01 6.593325e-01 4.758043e-01
-5.046753e-01 4.360633e-01 -6.108554e-01
-5.652252e-01 6.917394e-01 5.835950e-01
-9.059205e-01 -1.760923e-01 3.244594e-01
4.285876e-01 -7.041733e-02 -1.710118e-01
-1.726239e-01 7.343142e-01 -6.339731e-02
-9.268468e-01 2.867218e-02 2.795795e-01
-4.685167e-01 6.051467e-01 -5.957254e-01
-2.948274e-01 7.638145e-01 6.006893e-01
-7.177226e-01 -5.708910e-01 1.273186e-01
3.600408e-01 -3.143863e-01 -5.320568e-01
-9.702017e-01 2.865282e-02 -8.592495e-02
-5.025043e-01 6.280615e-01 -4.676937e-02
-9.390331e-01 2.206123e-01 -4.692521e-02
1.281247e-01 6.055526e-01 -4.492681e-01
2.316870e-01 -5.044202e-01 2.652482e-01
-4.068631e-01 -7.301919e-01 1.993007e-01
3.518148e-01 3.513009e-01 2.450370e-01
-9.645098e-01 2.060352e-01 3.656973e-01
-4.121563e-01 -6.671880e-01 -5.304406e-01
3.227389e-01 3.298683e-01 -4.401744e-01
-7.833555e-01 3.471228e-01 -4.541352e-01
4.802263e-01 3.015484e-02 6.417150e-01
9.578440e-01 2.268367e-02 -1.181100e-01
3.246455e-02 -7.134215e-01 5.833808e-01
-2.268138e-01 6.987681e-01 3.816243e-01
-1.147591e-01 -1.315733e-01 -5.316285e-01
1.399108e-01 -3.652784e-01 -6.309288e-01
3.191790e-01 -4.821404e-01 1.697444e-01
3.889640e-01 3.237835e-01 -3.540752e-01
-8.569668e-01 -2.540208e-01 -5.655082e-01
-6.288584e-01 9.554701e-02 -5.922603e-01
-7.919112e-02 -7.022332e-01 -3.102864e-01
-8.955049e-01 9.982181e-02 -3.076182e-01
4.527499e-01 -3.171346e-02 3.995565e-01
-1.875709e-01 7.178119e-01 -3.787048e-01
-4.112615e-01 6.632798e-01 4.260107e-02
-7.142762e-01 4.847229e-01 -1.684299e-02
-3.932299e-01 -6.603324e-01 -1.354779e-01
-1.496038e-01 7.452698e-01 2.269298e-01
-6.501849e-01 -5.489202e-01 1.294207e-01
-5.863972e-01 5.901657e-01 8.508616e-02
-9.600151e-01 9.504634e-02 -2.089408e-01
-4.969818e-01 -7.078953e-01 2.837837e-01
-9.642417e-01 -2.375949e-01 5.806550e-01
-7.604873e-01 5.487285e-01 4.098958e-01
4.124205e-01 -2.972492e-01 -1.911056e-01
-4.761524e-01 5.127970e-01 -6.434093e-01
3.862027e-01 -2.556761e-01 -6.731089e-02
-1.184722e-01 -6.895441e-01 4.692242e-01
-9.341585e-01 -1.546182e-02 5.568800e-01
1.670428e-01 5.261414e-01 -3.881485e-01
1.133113e-01 5.630169e-01 -3.956055e-01
4.548818e-01 3.242694e-02 4.614935e-01
-7.278328e-01 -4.606705e-01 -2.029828e-01
2.901236e-01 -2.493213e-01 -6.342188e-01
-2.810229e-01 7.531662e-01 3.029057e-01
-1.341235e-01 -7.489862e-01 3.686969e-01
4.670104e-01 1.191929e-01 6.393391e-01
-8.798722e-01 -3.603499e-01 -3.331509e-02
-1.720147e-01 4.671463e-02 -5.315708e-01
-5.106167e-01 6.971892e-01 1.882613e-01
-8.642395e-01 3.169484e-01 -4.917907e-01
3.478917e-01 4.661799e-01 3.741877e-01
-5.950235e-01 -5.802677e-01 -5.477119e-01
6.650803e-02 3.081675e-01 -5.301092e-01
9.929545e-01 2.058472e-02 2.649373e-01
9.693563e-02 5.946343e-01 -1.972451e-02
-7.168904e-02 7.193518e-01 6.409162e-01
8.170749e-01 1.314396e-01 4.375249e-01
-6.549644e-01 -5.166084e-01 -3.763699e-01
4.774073e-01 -1.928826e-01 1.831596e-01
-7.303464e-01 -4.923084e-01 3.950004e-01
5.899199e-01 3.165685e-02 -1.557857e-01
2.375707e-01 -4.734564e-01 -2.393150e-01
-6.752613e-01 -3.580970e-01 -6.426497e-01
3.343536e-01 -4.965983e-02 -6.363619e-01
-3.602894e-01 7.480813e-01 3.790548e-01
4.142880e-01 2.072883e-01 1.930502e-01
-2.332877e-01 -7.556090e-01 3.390420e-01
2.101929e-02 -8.164345e-02 -5.309657e-01
-8.878319e-01 1.030567e-01 -5.810068e-01
-7.997684e-01 3.666078e-01 -2.059423e-01
-7.504329e-01 -4.023848e-01 -4.392602e-01
8.655521e-01 -1.498276e-01 -1.027476e-01
2.495652e-01 5.036512e-01 5.979634e-01
-4.805131e-01 3.034122e-01 -5.914821e-01
5.030182e-01 -9.234953e-02 2.598356e-01
2.704151e-01 -5.172247e-01 -1.067197e-01
-9.172504e-01 -1.191535e-01 2.957783e-01
2.027452e-01 6.045304e-01 2.607312e-01
-6.721761e-01 9.464193e-02 -5.324273e-01
-9.131746e-01 -3.309650e-01 2.859659e-01
7.677097e-02 -6.543835e-01 -1.643528e-01
-4.646011e-02 -6.705394e-01 3.920418e-01
-1.794406e-01 -6.230157e-01 -6.119055e-01
-6.289218e-02 7.378760e-01 4.094675e-01
-9.058070e-01 4.488547e-02 -1.878930e-01
4.715814e-01 -2.039164e-01 1.136691e-01
8.800044e-01 1.174984e-01 3.736347e-02
-3.763597e-01 4.668726e-01 -5.949657e-01
3.370590e-01 -4.125136e-01 -3.498896e-01
7.905518e-01 8.368560e-02 3.609085e-01
4.388692e-01 2.633025e-01 -7.058211e-02
2.542889e-01 4.807756e-01 2.131255e-01
2.405218e-01 5.429900e-01 -2.192992e-01
3.201695e-01 -2.351874e-01 -5.057906e-01
-7.206346e-01 -5.877973e-01 4.293473e-01
-2.639432e-01 -7.597500e-01 4.356164e-01
-5.169752e-01 -6.423108e-01 4.752401e-01
4.574344e-01 1.483459e-01 -3.651537e-01
-3.998369e-01 1.688340e-01 -5.898454e-01
4.700378e-01 2.456254e-01 6.250861e-01
1.892258e-01 5.476299e-01 3.466740e-01
2.220143e-01 -5.258510e-01 5.533759e-01
-8.659729e-01 -2.518815e-01 -2.237254e-02
-2.961222e-01 -7.375670e-01 1.460216e-02
-7.413709e-01 5.419697e-01 2.501909e-02
-6.833160e-01 -5.517113e-01 -4.584772e-01
3.467504e-01 2.719679e-01 -4.544666e-01
-3.850094e-02 7.059515e-01 -1.172534e-01
2.308678e-01 5.576434e-01 -1.217899e-01
3.009190e-01 1.666004e-01 -5.189916e-01
-8.419633e-01 -3.828587e-01 -3.972998e-01
2.267939e-01 -5.161857e-01 3.879325e-01
1.424616e-01 6.134267e-01 -2.798923e-01
-5.935581e-01 5.659625e-01 -3.549317e-01
-8.261965e-01 -4.758843e-01 3.589609e-01
-4.569020e-01 -1.600084e-02 -5.900986e-01
2.969759e-03 1.489622e-01 -5.903519e-01
3.523101e-01 -3.033340e-01 -3.356756e-01
-3.305479e-02 6.712135e-01 5.766816e-01
9.156677e-01 1.305153e-01 2.020265e-01
-8.180283e-01 4.896514e-01 4.513292e-01
1.409572e-01 5.524840e-01 -3.077933e-01
3.907533e-01 7.989212e-02 -5.948298e-01
-6.630750e-01 -5.892403e-01 -2.542294e-01
4.946395e-01 -2.587911e-02 -2.334614e-02
-2.411896e-01 -7.066813e-01 -4.679004e-01
9.905172e-01 -7.723385e-02 -3.972793e-03
-1.647792e-01 3.103627e-01 -5.305765e-01
-4.353483e-01 6.924525e-01 -3.841770e-01
3.766063e-01 -3.797009e-01 -2.221688e-02
-8.829947e-01 3.919486e-01 3.559818e-01
-6.024879e-01 -5.609166e-01 -3.216963e-01
-5.625012e-01 -6.853846e-01 3.749846e-01
9.749422e-01 -6.527618e-02 -8.049259e-02
1.774398e-01 -6.353193e-01 5.286867e-01
3.301271e-01 4.755175e-01 2.061153e-01
-3.307192e-01 6.619318e-01 -3.846052e-01
-1.689490e-01 5.467455e-01 -5.265473e-01
3.201509e-01 -4.943491e-01 3.253550e-01
-1.879708e-01 -6.966884e-01 4.106554e-01
8.651999e-02 6.062062e-01 1.063872e-01
-7.906673e-01 -4.149006e-01 2.921773e-01
3.358022e-01 3.736366e-01 1.870939e-01
4.145020e-02 5.760523e-01 -4.737803e-01
6.263056e-01 1.284355e-01 -1.851670e-01
-5.337512e-01 6.340885e-01 4.615717e-01
1.845803e-01 -6.209173e-01 3.564491e-01
-1.097515e-01 7.137492e-01 -2.911849e-01
4.060434e-01 1.785389e-01 -2.153076e-01
3.163805e-01 4.789081e-01 2.093029e-02
-1.409402e-01 -6.855577e-01 2.402090e-01
-1.468427e-01 -5.507059e-02 -5.318427e-01
4.003496e-01 2.220944e-01 -3.681979e-02
-6.627138e-01 5.278749e-01 -9.751004e-02
8.055998e-02 1.644437e-01 -5.279494e-01
-5.154521e-01 -5.191127e-01 -6.362837e-01
2.513228e-02 -2.048213e-01 -5.310439e-01
-5.300757e-01 -6.279647e-01 2.634757e-01
4.628750e-02 -6.323923e-01 3.001780e-01
-6.301729e-01 -2.748353e-01 -5.947907e-01
-1.585719e-01 -7.414565e-01 1.492818e-01
-1.652362e-01 -6.709621e-01 -2.395097e-01
5.559509e-01 -1.489033e-01 -2.582995e-01
7.244942e-02 6.985763e-01 5.839841e-01
-2.820892e-01 -6.806665e-01 -4.379029e-02
-3.429243e-01 -7.171752e-01 -2.717724e-01
-8.342513e-01 2.277937e-01 -4.713859e-01
-3.386972e-01 7.575753e-01 5.258435e-01
-5.901303e-01 -6.573105e-01 1.174464e-01
-8.401164e-01 -3.012542e-01 -1.215952e-01
4.205329e-01 -1.092946e-01 -2.466750e-01
-2.520809e-01 7.128443e-01 -4.477692e-01
1.513151e-01 -2.235578e-01 -5.302470e-01
8.649619e-01 -7.767680e-02 4.780832e-01
-2.848501e-01 -6.479897e-01 -4.604638e-01
-9.019025e-01 3.152205e-02 -3.085138e-01
-8.491411e-01 -4.032133e-01 -1.248858e-01
-7.802889e-01 -4.115119e-01 3.313839e-02
-6.095316e-01 6.457572e-01 1.205227e-01
3.769099e-01 -3.995732e-01 1.659666e-01
-5.050570e-01 -1.600332e-01 -5.327773e-01
-7.692086e-01 3.974562e-01 -3.735845e-01
1.625499e-01 5.415265e-01 -2.281583e-01
-3.508451e-01 6.722543e-01 -7.435940e-02
4.081754e-01 1.556053e-01 -2.930152e-01
-8.201807e-01 4.401465e-01 -2.157554e-01
4.449819e-01 -1.802271e-02 1.434596e-01
-9.485903e-01 2.365746e-01 2.255482e-01
3.344300e-01 -4.917107e-01 5.126034e-01
-9.398318e-01 -2.678065e-01 2.786839e-01
-8.395056e-01 -2.633789e-01 -4.130908e-01
4.744562e-01 2.281214e-01 3.364912e-01
-3.513592e-01 6.758739e-01 2.770603e-02
-5.839040e-01 -3.620238e-01 -5.317645e-01
-4.053588e-01 -7.019260e-01 -3.244612e-01
-7.808046e-01 -3.933916e-01 -2.242447e-01
2.587631e-01 5.039789e-01 -4.240148e-01
-9.765993e-01 -6.352392e-02 8.718901e-02
5.071107e-01 -1.322665e-01 3.124835e-01
7.294490e-01 1.023058e-01 -2.616082e-01
-3.144774e-01 5.933626e-01 -5.147856e-01
-1.437393e-01 6.886206e-01 2.805719e-01
1.890731e-01 -5.831369e-01 -1.887690e-01
-6.589806e-01 2.264271e-01 -5.318427e-01
-6.841409e-02 1.637190e-03 -5.902737e-01
9.856036e-01 4.492401e-02 -3.167957e-02
-5.986784e-01 -1.032675e-01 -5.927277e-01
-7.850499e-01 5.125475e-01 2.356343e-01
-6.719862e-01 5.668674e-01 -4.342945e-01
1.900095e-02 6.494550e-01 3.920808e-01
-4.972686e-01 3.882322e-01 -5.316863e-01
2.303166e-01 4.331754e-01 -4.745214e-01
3.755581e-01 -3.606385e-01 -2.305727e-01
-8.940210e-01 3.139823e-01 -2.454094e-01
-3.810247e-01 1.110671e-01 -5.316472e-01
5.848741e-01 -2.637978e-02 3.562164e-01
-9.249233e-01 -1.747059e-01 -4.486052e-01
-5.441463e-01 -6.650896e-01 -1.539166e-01
-8.066035e-01 -4.059671e-01 5.782195e-01
-5.230302e-01 -5.886389e-02 -5.325036e-01
-3.295577e-01 -6.738314e-01 -9.828889e-02
-8.708288e-01 2.856196e-01 4.167886e-01
9.175576e-02 6.525942e-01 -1.306101e-01
-4.061395e-01 5.140687e-01 -6.342393e-01
1.275605e-02 6.823236e-01 -2.389256e-01
-8.738377e-01 2.916075e-01 5.992295e-01
-9.307679e-01 -2.117737e-01 6.394360e-01
-8.507405e-01 -1.304179e-01 -4.884430e-01
3.984654e-01 -1.613810e-01 -3.972421e-01
-8.727317e-01 1.912664e-01 -3.555349e-01
2.265462e-01 6.046086e-01 5.807517e-01
-2.995876e-01 7.219528e-01 -3.205270e-01
-2.459118e-01 4.974119e-01 -6.005347e-01
3.523864e-01 -3.583856e-01 3.559632e-01
-9.554273e-01 -1.580113e-01 -4.593206e-02
-9.693209e-03 -6.896987e-01 -1.834925e-01
3.101914e-01 4.048890e-01 9.717751e-02
-4.379383e-01 -6.590626e-01 1.409665e-01
-5.971758e-01 -5.792473e-01 -1.869931e-03
4.537404e-01 -8.123903e-02 5.733711e-01
2.630474e-01 -4.703954e-01 2.214986e-01
-8.642785e-01 3.134870e-02 -4.881898e-01
-2.177315e-01 -4.849724e-01 -5.304220e-01
4.796919e-01 1.266833e-01 -7.893490e-02
-4.686321e-01 -6.590812e-01 4.014463e-01
-6.029068e-01 -5.939211e-01 3.895300e-01
-2.076062e-03 7.062978e-01 1.212042e-01
4.774073e-01 2.081727e-01 2.713237e-01
-7.208898e-02 -6.206045e-02 -5.910724e-01
4.739237e-01 1.924599e-01 1.027460e-01
8.375875e-02 5.470732e-01 -6.029496e-01
-5.988515e-01 6.370546e-01 -1.865494e-01
-6.471388e-01 2.272370e-01 -5.927072e-01
4.357653e-01 1.800021e-01 5.790965e-01
-2.532424e-01 -7.285758e-01 -1.933643e-01
1.002480e-01 -4.367559e-01 -6.427874e-01
4.369831e-01 1.036013e-02 -5.268843e-02
-3.829479e-01 -5.381900e-02 -5.907019e-01
3.958455e-02 6.123487e-01 -3.087857e-01
-3.492044e-02 -5.092910e-01 -5.258268e-01
-1.532925e-02 -6.168340e-01 -4.409341e-01
-2.445027e-01 -2.304842e-02 -5.907019e-01
-1.852804e-02 6.486078e-01 9.208905e-03
2.697690e-01 5.498456e-01 3.011909e-01
-9.059205e-01 -1.209634e-01 4.219219e-02
1.878368e-01 5.182469e-01 -2.804174e-01
-4.017791e-01 6.227271e-01 -5.998924e-01
4.281501e-01 1.189619e-01 -1.466212e-02
-8.694771e-01 3.555759e-01 -2.860646e-01
-8.436391e-01 3.004070e-01 -4.926156e-02
4.074510e-01 -2.571209e-01 4.808668e-01
-2.670279e-01 -6.788381e-01 -5.493466e-01
-2.547676e-02 6.460849e-01 -1.101075e-01
-5.997453e-01 6.220549e-01 -3.797959e-01
4.985235e-01 -5.897952e-02 1.480344e-01
-6.211481e-01 5.652103e-01 3.045145e-02
-7.101054e-01 5.576248e-01 -2.083761e-01
2.767177e-01 4.597488e-01 2.864128e-01
-8.972197e-01 3.455420e-01 1.267916e-01
-7.917528e-01 -3.826037e-02 -5.283963e-01
6.352559e-01 8.133641e-02 4.804777e-01
-7.392371e-01 2.956517e-01 -5.228663e-01
-9.417179e-01 2.682515e-01 3.170601e-01
3.556988e-01 3.574620e-01 4.084937e-01
1.566085e-01 6.491459e-01 4.934442e-01
-1.415876e-01 2.452791e-01 -5.902159e-01
8.448307e-02 -6.681711e-01 1.458727e-01
3.975884e-01 -2.856959e-01 5.544669e-01
-1.565346e-01 6.850196e-01 1.397600e-01
9.542823e-01 -1.164190e-01 -1.142936e-01
-5.827999e-01 -5.779198e-01 -2.331818e-01
-7.533096e-01 -4.204268e-01 -3.473183e-01
-4.019314e-01 -2.824227e-01 -5.923385e-01
2.036780e-01 3.488934e-01 -5.225163e-01
1.316271e-01 -5.636705e-01 -5.498140e-01
-4.611677e-01 -6.910467e-01 -2.585714e-01
4.568051e-01 -1.821385e-01 -2.688716e-01
2.927880e-01 4.734191e-01 -3.732530e-01
-9.352440e-01 -8.389638e-02 -4.843933e-01
1.198411e-01 -4.007481e-01 -5.270724e-01
4.693545e-02 2.406969e-01 -5.915789e-01
-1.377794e-01 -6.810128e-01 1.276872e-01
3.027474e-01 4.361452e-02 -5.221067e-01
1.643970e-01 6.243655e-01 1.349692e-01
7.447764e-01 1.144754e-01 -1.618217e-01
-2.107435e-01 -7.178492e-01 -3.534719e-01
-9.294926e-01 -3.222809e-01 5.306920e-01
-6.403968e-01 -6.301990e-01 1.603212e-01
-1.431870e-01 -2.793226e-01 -5.316677e-01
-7.727500e-01 -5.430086e-01 4.680754e-01
-7.303464e-01 -4.847210e-01 2.616659e-01
4.691628e-01 -9.970526e-02 -3.585922e-01
4.703618e-01 -1.685055e-01 -9.001374e-02
-7.453312e-01 4.376422e-01 -2.572662e-01
-5.560272e-01 6.131959e-01 2.201933e-01
-5.558058e-02 -1.977366e-01 -5.317067e-01
-8.355267e-01 1.235640e-01 -6.261400e-01
3.417418e-01 4.211604e-01 6.386186e-01
6.934430e-01 -6.180482e-03 4.980003e-01
-9.685260e-01 -3.484784e-03 -1.431881e-01
4.851958e-01 -2.063238e-01 4.199241e-01
-7.038214e-01 4.326559e-01 -6.066679e-01
-2.183217e-01 6.938974e-01 2.557077e-01
-9.394763e-02 -7.277286e-01 8.504724e-02
-1.106463e-01 6.765088e-01 9.641803e-02
-9.367280e-01 -1.873564e-01 -2.773806e-01
2.059812e-01 5.385810e-01 4.701198e-01
-4.186301e-01 2.096995e-02 -5.319786e-01
2.998522e-01 4.736314e-01 -2.973386e-01
8.462272e-01 -1.519842e-01 -1.678771e-01
-9.119178e-01 -4.451849e-02 -3.654721e-02
-5.527540e-01 6.742559e-01 9.698274e-02
-4.597396e-01 -4.176358e-01 -5.937201e-01
-7.189030e-01 -1.655787e-01 -5.323677e-01
-3.434574e-01 -6.900059e-01 3.806133e-01
-6.205374e-01 -6.235556e-01 -1.683834e-01
-9.400479e-02 5.135101e-01 -5.290777e-01
-8.886884e-01 -1.866247e-01 -2.259447e-03
-1.709995e-02 5.583174e-01 -6.329341e-01
9.321960e-01 1.299567e-01 3.473760e-01
4.393254e-01 -1.199815e-01 -4.770517e-01
-7.303464e-01 -1.263936e-01 -6.119651e-01
2.749284e-01 -4.182502e-01 -3.861432e-01
-7.905146e-01 3.990165e-01 5.434201e-02
1.720327e-01 6.045304e-01 -1.113732e-01
-5.235627e-01 6.551152e-01 -4.384410e-01
-1.850195e-01 5.488048e-01 -6.402757e-01
2.675216e-02 6.237101e-01 -5.504173e-01
-4.905470e-01 3.212625e-01 -5.306157e-01
-4.679265e-01 6.984032e-01 -1.203881e-01
-2.644955e-01 -1.446285e-01 -5.318818e-01
2.977966e-01 -4.019416e-01 -2.302807e-01
3.067264e-01 -3.978398e-01 -9.651689e-02
4.185146e-01 -3.510496e-01 3.587468e-01
-4.422021e-01 -6.610269e-01 2.288569e-01
-9.021129e-01 1.931917e-01 3.307080e-01
3.710076e-01 3.351841e-01 4.840601e-01
-7.821750e-01 -3.995546e-01 -1.041495e-01
-3.108407e-01 7.328116e-01 -8.991636e-02
-7.975787e-01 4.736314e-01 -1.255283e-01
-1.689300e-01 6.696345e-01 -3.243439e-01
-6.542774e-01 -2.736176e-02 -5.333415e-01
7.974258e-02 5.145155e-02 -5.917744e-01
3.223014e-01 -4.161723e-01 5.670629e-01
-7.589698e-02 7.467332e-01 5.483524e-01
4.533604e-02 5.138751e-01 -5.189339e-01
-9.752661e-01 -1.284731e-01 2.232115e-01
-7.891256e-01 -1.576455e-01 -6.407226e-01
1.597701e-01 5.722204e-01 3.974749e-01
-1.880088e-01 7.284417e-01 -2.243421e-01
9.267108e-01 7.382671e-02 4.365120e-01
4.450005e-01 -2.716384e-01 1.120726e-01
-8.960952e-01 -1.751703e-03 -5.803440e-01
3.835179e-01 -2.891815e-01 2.354183e-01
7.741891e-02 6.020466e-01 -1.001970e-01
-9.326541e-01 2.128518e-01 -2.467724e-01
4.450955e-01 -1.194037e-01 4.568014e-01
6.581037e-01 -1.498661e-01 -2.325392e-01
-9.038650e-01 2.659595e-01 -3.739550e-01
5.864344e-01 -1.022855e-01 -1.650732e-01
-3.122306e-01 7.444617e-01 1.686347e-01
4.541594e-01 -2.077482e-01 -1.745944e-01
-7.937897e-01 -3.884631e-01 -2.254775e-02
-1.622468e-01 4.417291e-02 -5.905083e-01
9.986854e-01 -7.049442e-02 1.212822e-01
-9.724099e-01 1.877232e-01 4.342535e-01
-1.820492e-01 -3.152522e-01 -5.922398e-01
-9.321774e-01 1.890135e-01 -3.363757e-01
7.667601e-02 6.847888e-01 3.357911e-01
-4.090095e-02 7.026577e-01 -2.054554e-01
-5.481643e-01 6.094608e-01 3.524125e-02
-9.118228e-01 1.748996e-01 4.843710e-01
-3.114309e-01 2.225375e-01 -5.895736e-01
-3.488840e-01 -1.047887e-01 -5.320568e-01
8.398779e-02 -6.090158e-01 1.830237e-01
-5.386443e-01 6.660913e-01 -2.232907e-01
-1.515796e-02 -6.785495e-01 -3.807696e-01
-4.295224e-01 -7.046779e-01 -1.845440e-01
-1.844483e-01 6.633766e-01 -4.028111e-01
-2.509194e-01 6.849433e-01 1.469954e-02
-2.799566e-01 -7.436722e-01 1.149347e-01
4.602888e-01 -2.584671e-01 2.771068e-01
1.475576e-02 -3.981098e-01 -5.305375e-01
-8.355081e-01 3.047025e-01 -1.867246e-01
3.319369e-01 -3.975903e-01 4.573842e-01
8.840410e-01 1.277423e-01 2.940262e-01
-8.801198e-01 -3.863834e-01 2.299666e-01
-6.180686e-02 6.720606e-01 2.822662e-01
-7.464744e-01 1.863565e-01 -6.377640e-01
4.449428e-01 -1.277220e-01 5.177646e-01
4.529584e-01 -1.772862e-01 -3.280827e-01
5.310400e-02 -7.003471e-01 4.675876e-01
-9.920353e-03 -1.324783e-01 -5.313362e-01
-8.789022e-01 -2.714261e-01 5.311798e-01
5.192393e-01 -5.699174e-03 6.146891e-01
3.253680e-01 3.648371e-01 -5.483543e-01
1.912832e-01 -5.094083e-01 -3.589032e-01
-4.617449e-02 -7.362189e-01 4.966969e-01
1.317425e-01 6.687111e-01 5.970865e-01
-7.966720e-02 4.244523e-01 -5.300329e-01
2.754050e-01 9.745325e-02 -6.302660e-01
-8.952759e-01 -1.068491e-01 -2.854613e-01
2.310577e-01 4.859164e-01 -1.221404e-01
-9.200303e-01 1.108552e-01 3.149766e-01
4.772174e-01 7.927601e-02 -3.588063e-01
-5.842466e-01 5.775735e-01 -2.447669e-01
3.818793e-01 4.266084e-01 4.853057e-01
7.353494e-02 6.162010e-01 1.847963e-01
-4.796361e-01 7.130175e-01 2.749061e-01
-6.199734e-02 7.274977e-01 1.929534e-01
-8.975046e-01 -3.792391e-01 4.652713e-01
1.484030e-01 5.734716e-01 2.545980e-01
3.970373e-01 1.845657e-01 -3.432686e-01
2.159221e-01 -3.811848e-01 -6.314539e-01
-6.561822e-01 6.190106e-01 1.678564e-01
-1.096372e-01 7.353345e-01 1.420576e-01
2.499469e-01 -5.069040e-01 -4.425503e-01
1.439847e-01 6.340885e-01 7.577912e-02
3.914571e-01 -1.424720e-01 -5.799735e-01
8.848249e-02 -5.937853e-01 -1.406375e-01
4.411724e-01 1.263224e-02 4.670941e-02
-5.294278e-01 -6.855392e-01 1.012859e-01
-9.195349e-01 3.864653e-02 1.180305e-01
-7.030599e-01 5.894544e-01 2.518908e-01
-8.414476e-01 -2.823836e-01 -2.969867e-01
8.351450e-01 6.028993e-02 -8.808609e-02
-1.863523e-01 -7.077985e-01 -4.470282e-01
-2.133902e-01 -6.798975e-01 -8.835867e-02
2.766805e-01 -5.493057e-01 4.258432e-01
7.803652e-01 4.527052e-02 -2.554955e-01
-6.542215e-01 6.053013e-01 -1.106137e-01
-6.631700e-01 -6.045304e-01 -7.477499e-03
-3.031863e-01 -6.109802e-01 -5.066471e-01
8.225397e-01 1.314202e-01 -1.840377e-01
-9.724175e-02 5.132979e-01 -6.303256e-01
-5.223822e-01 7.794733e-02 -5.906256e-01
5.951742e-01 -4.775340e-02 4.830285e-01
-3.415342e-01 -7.208543e-01 -2.134191e-01
3.964227e-02 -5.009738e-01 -5.229054e-01
-3.889647e-01 -6.467961e-01 -4.020310e-01
2.502318e-01 3.850353e-01 -6.103098e-01
4.998156e-02 -5.983675e-01 -3.989160e-01
-9.335740e-02 -7.381647e-01 2.931492e-01
-5.325316e-01 -6.123282e-01 -7.755261e-02
-6.927411e-01 4.872253e-01 -3.579312e-01
3.348694e-01 4.244132e-01 -3.336108e-01
-2.866779e-01 -2.804956e-01 -5.322132e-01
4.277311e-01 -3.469869e-01 4.570546e-01
5.087287e-01 1.085060e-01 5.310811e-01
-3.408107e-01 -6.809178e-01 -5.318427e-01
-6.665791e-01 -5.951519e-01 -1.255088e-01
5.248958e-01 6.159925e-02 3.119789e-01
-6.629037e-01 -1.205013e-01 -5.330883e-01
-9.211921e-01 -2.846551e-01 5.751567e-02
3.962944e-01 -3.175442e-01 -2.890437e-01
-6.140449e-01 6.583885e-01 6.130152e-01
-8.983798e-01 -3.081861e-01 -1.951750e-01
-5.993450e-01 6.450646e-01 -7.406754e-04
-5.435374e-01 6.695377e-01 -8.991636e-02
-6.677653e-02 1.495591e-01 -5.901378e-01
3.770625e-01 -4.161518e-01 3.280995e-01
-1.799165e-01 4.319242e-01 -5.301297e-01
-4.561218e-01 6.527860e-01 1.298489e-01
1.934728e-01 -6.034133e-01 1.833942e-01
-5.019718e-01 6.242482e-01 -1.556299e-01
-8.500925e-01 3.748301e-01 -3.766995e-01
7.652464e-01 -1.194037e-01 -2.436570e-01
2.227945e-01 -5.877973e-01 2.903843e-01
2.434916e-01 4.998771e-01 3.582403e-01
-8.614410e-01 1.867995e-01 -4.389865e-01
1.489932e-01 5.629201e-01 2.807600e-02
5.334067e-01 -1.298018e-01 -1.757432e-01
-2.518906e-01 7.423242e-01 4.528803e-02
-4.371376e-01 7.145572e-01 3.477391e-02
-3.180762e-01 -3.131352e-01 -5.922398e-01
-1.614280e-01 -4.500035e-01 -5.929418e-01
-2.683798e-01 -6.748908e-01 -2.178583e-01
1.288099e-01 -5.998701e-01 6.117491e-01
-6.620528e-02 -2.714652e-01 -5.310644e-01
2.841822e-01 -5.242721e-01 1.879504e-01
4.185723e-01 1.712988e-01 3.037343e-02
4.082144e-01 -2.854446e-01 -3.385374e-01
-4.913849e-01 2.094817e-01 -5.916180e-01
1.768123e-01 5.615720e-01 -4.925318e-01
-7.512149e-01 5.188241e-01 -2.211293e-01
-9.337639e-02 -7.171752e-01 -1.091145e-01
-5.603767e-02 6.959380e-01 -3.642394e-01
3.205493e-01 2.380194e-01 -5.039212e-01
-5.071703e-01 -6.836902e-01 -9.965182e-02
-7.908572e-01 4.669545e-02 -6.422996e-01
8.392002e-01 -6.186792e-02 -7.122448e-02
-5.742499e-01 4.335404e-01 -5.288636e-01
-2.521381e-01 7.325435e-01 -1.810588e-01
-5.190570e-02 -6.984013e-01 -2.598952e-01
1.085689e-01 4.234506e-01 -5.282603e-01
-8.581863e-01 2.418904e-01 -3.056316e-01
-7.343067e-01 4.146902e-01 -4.548371e-01
4.423342e-01 7.831320e-02 2.035254e-01
8.827208e-02 -2.069197e-01 -5.305579e-01
-8.897553e-01 -1.539484e-01 -5.642812e-01
4.540830e-01 1.962154e-01 -2.500233e-01
-1.232324e-01 7.061041e-01 -4.171610e-01
-6.790317e-01 5.764377e-01 6.385981e-01
