7.214890e-01 6.943160e-02 9.300079e-02
-9.993209e-01 -4.478913e-02 -9.437515e-02
-1.250983e-01 -9.721998e-02 -6.567015e-02
-5.616302e-01 6.964133e-02 9.089939e-02
2.769466e-01 1.149417e-01 -1.094284e-02
9.942905e-01 -3.789443e-02 -3.970079e-02
4.952208e-01 -9.989405e-02 -2.351122e-02
-7.214228e-01 -1.032103e-01 -7.024279e-02
-3.041203e-01 1.148369e-01 -1.350672e-02
4.617845e-02 2.580911e-02 1.090714e-01
-8.390321e-01 8.854266e-02 7.730018e-02
-4.494485e-01 -1.019519e-01 -6.709745e-02
1.851199e-01 -1.071557e-01 -3.371394e-02
7.611390e-01 -7.066369e-02 -9.177157e-02
-2.883325e-01 -8.449236e-02 8.039271e-02
4.283576e-02 4.706990e-02 -1.077894e-01
4.796488e-01 9.516217e-02 5.598285e-02
8.543898e-01 1.124250e-01 -5.684179e-02
-5.948098e-01 5.325671e-02 -1.101022e-01
-9.934474e-01 -4.311138e-02 1.089392e-01
3.361245e-01 -5.679576e-02 9.274963e-02
6.020743e-01 5.388592e-02 -9.831354e-02
-1.097909e-01 1.150989e-01 1.037448e-02
8.492269e-01 -7.707347e-02 8.447639e-02
-8.212937e-01 5.665162e-02 -1.073400e-01
-7.153997e-01 -4.530024e-02 1.117542e-01
3.455569e-01 -3.463057e-02 -1.078819e-01
-9.968726e-01 1.105768e-01 -4.797330e-03
6.556924e-01 -9.117732e-02 5.441011e-02
-2.832689e-01 -2.885015e-02 -1.155472e-01
-1.133654e-01 -4.169573e-02 1.069040e-01
-8.665856e-01 -1.235534e-01 1.797377e-02
-5.637823e-01 -1.016636e-01 6.210175e-02
-3.960304e-01 4.498577e-02 1.063224e-01
1.845985e-02 -1.119399e-01 1.338776e-02
8.989711e-01 8.066502e-02 9.660875e-02
-4.345051e-01 6.751793e-02 -9.786415e-02
-6.891366e-01 1.165408e-01 4.850268e-03
1.954960e-01 2.566497e-02 -1.186793e-01
1.847056e-01 -3.889061e-02 1.054767e-01
1.192731e-01 1.166195e-01 7.665888e-04
-2.323322e-01 5.604873e-02 1.013533e-01
-1.461475e-01 4.183987e-02 -1.117806e-01
4.448481e-01 8.075680e-02 -8.349848e-02
4.755620e-01 -3.524669e-02 9.987304e-02
-4.286805e-01 -9.192449e-02 7.377148e-02
-5.877610e-01 -8.543617e-02 -8.614163e-02
8.808342e-01 -1.419563e-02 -1.206485e-01
7.092270e-01 1.093578e-01 -4.033517e-02
5.952902e-01 2.034316e-02 1.012211e-01
6.257064e-01 -7.339013e-02 -7.837073e-02
-8.962407e-01 2.241505e-03 -2.207126e-03
-8.480186e-01 -7.342954e-02 -1.010492e-01
-5.261505e-01 1.163966e-01 -2.118513e-02
-8.545883e-01 -2.923021e-02 1.172785e-01
-9.914278e-01 -1.214693e-01 9.119084e-03
8.897372e-01 -1.145222e-01 -2.739667e-02
7.743856e-02 -7.126673e-02 -8.969679e-02
2.826072e-01 5.410874e-02 9.885543e-02
-2.375454e-01 -1.145092e-01 -2.661699e-02
3.489331e-01 -1.084009e-01 -1.410141e-02
-7.042123e-01 2.372555e-03 -1.220627e-01
5.885709e-01 1.064085e-01 1.057271e-02
2.308398e-03 1.135523e-01 -1.823802e-02
9.816473e-01 6.342836e-02 1.436581e-02
-4.746938e-02 -1.964850e-02 -1.149921e-01
7.783164e-01 3.836641e-02 -1.135120e-01
-3.545103e-01 -1.173535e-01 -6.383301e-03
-9.451246e-01 6.203889e-02 1.020272e-01
-9.353283e-01 4.478913e-02 -1.151771e-01
5.160392e-01 -2.080190e-02 -9.800958e-02
-6.897652e-01 6.171119e-02 1.038642e-01
-8.877678e-01 1.124119e-01 -3.983284e-02
1.746777e-01 7.071620e-02 8.719894e-02
7.472874e-01 -4.135494e-02 1.034281e-01
-6.691455e-01 -1.115337e-01 3.374041e-02
-4.114370e-01 1.175895e-01 -1.030845e-03
-4.977210e-01 -1.376307e-02 1.154415e-01
-5.102728e-02 6.653484e-02 8.760863e-02
3.909164e-01 3.421124e-02 1.050140e-01
-3.910329e-01 -2.802430e-02 -1.166441e-01
7.524676e-01 -1.093316e-01 1.406185e-02
3.755429e-01 1.103278e-01 2.641876e-02
7.929620e-01 1.174059e-01 3.252443e-02
-2.465477e-01 6.781944e-02 -9.734873e-02
-5.022222e-01 -2.723786e-02 -1.176749e-01
2.934464e-01 5.779194e-02 -1.015515e-01
7.902727e-02 -7.159442e-02 8.657778e-02
-1.548850e-01 -1.087811e-01 4.103559e-02
9.271863e-01 -1.904547e-02 5.159507e-02
2.580976e-01 -1.002348e-01 4.418092e-02
-7.883112e-01 1.168292e-01 -8.841449e-03
-7.684366e-01 -1.157412e-01 4.079766e-02
8.136148e-01 3.276940e-02 1.130096e-01
5.583374e-01 -7.515966e-02 6.268335e-02
-6.042105e-01 -1.439228e-02 1.164591e-01
2.516933e-01 -5.773957e-02 -1.008246e-01
-2.024124e-01 1.151776e-01 -1.793406e-02
-1.655682e-02 -6.778004e-02 9.126939e-02
-4.687369e-02 7.398007e-02 -8.964385e-02
-7.314018e-01 8.716643e-02 -8.947209e-02
6.792237e-01 -2.818211e-03 -1.116353e-01
-9.307279e-01 -1.068411e-01 -6.988603e-02
4.190482e-01 -9.736426e-02 4.641452e-02
-3.111532e-01 9.476844e-03 1.138820e-01
-4.675034e-01 9.163620e-02 7.165700e-02
-1.431858e-01 7.510729e-02 9.002708e-02
9.248703e-01 4.106652e-02 -5.386822e-02
1.263393e-01 7.747985e-02 -8.589060e-02
-2.051758e-01 -5.368927e-02 1.024897e-01
-1.926995e-01 -3.696385e-02 -1.122697e-01
-3.346688e-01 4.898357e-02 -1.099303e-01
5.193744e-02 1.030530e-01 5.986830e-02
-3.297296e-02 -9.761327e-02 -7.159082e-02
4.185691e-01 -8.704847e-02 -6.789037e-02
-9.149242e-01 -8.839852e-02 8.780686e-02
5.277401e-01 8.529203e-02 -5.117214e-02
8.977958e-01 1.245365e-01 1.991649e-02
-5.194484e-01 -1.173141e-01 -1.613663e-02
1.069115e-01 -1.089121e-01 1.225118e-02
-6.896581e-02 -1.142338e-01 9.290843e-03
-6.036797e-01 1.148892e-01 1.954636e-02
4.323042e-01 4.850692e-04 -1.135251e-01
-3.081913e-01 8.717952e-02 7.642786e-02
1.576484e-01 -4.835436e-02 -1.038775e-01
6.687988e-01 1.074965e-01 3.284162e-02
-8.062827e-01 -1.162787e-01 -4.328228e-02
-7.779352e-01 9.083695e-03 1.180581e-01
8.910779e-01 -2.228273e-03 1.244679e-01
5.784610e-01 -9.820307e-02 -1.447154e-02
6.660354e-01 -2.486530e-02 1.030316e-01
2.211132e-01 9.548987e-02 -6.815476e-02
-3.658948e-01 -5.034672e-02 1.058994e-01
-5.150969e-01 7.577577e-02 -9.491705e-02
-9.144941e-01 -2.656937e-02 -8.365701e-02
2.668036e-01 -1.058187e-01 -3.787688e-02
-9.299669e-01 1.117435e-01 4.016327e-02
-7.551159e-01 9.143956e-02 6.749391e-02
-3.332446e-01 -8.315540e-02 -8.466139e-02
-6.009005e-01 -1.184808e-01 -7.215918e-03
3.710922e-01 1.022010e-01 -5.253342e-02
-9.732247e-01 4.482840e-02 -4.537044e-02
9.038692e-01 -3.684575e-02 -4.838371e-02
-7.692638e-01 -5.505241e-02 -1.104722e-01
-6.432650e-01 1.037870e-01 -5.797837e-02
6.751369e-01 -1.049536e-01 -2.651126e-02
2.006747e-01 1.116909e-01 2.596937e-02
5.137059e-01 3.255967e-02 9.350298e-02
-9.317866e-01 -6.722951e-02 -3.171799e-03
8.511459e-01 -8.080917e-02 -8.550724e-02
-9.821436e-01 4.676839e-02 3.667428e-02
-9.204842e-01 -2.555968e-03 6.960854e-02
-8.305938e-01 -9.442809e-02 7.852925e-02
1.738663e-01 -9.537176e-02 5.680223e-02
8.663382e-01 6.007272e-02 -1.096661e-01
-6.665316e-01 -6.502742e-02 -1.039700e-01
-6.483775e-01 -7.467473e-02 9.709770e-02
1.000000e+00 -4.640100e-03 4.505324e-02
-1.209612e-01 9.998582e-02 -6.149383e-02
2.649824e-01 -4.008343e-02 1.057012e-01
-3.762377e-01 1.012572e-01 -6.695202e-02
-4.480085e-01 -1.180875e-01 5.154227e-03
1.132329e-01 1.107605e-02 -1.156662e-01
7.820393e-01 1.139586e-01 -4.190777e-02
4.498455e-01 1.132376e-01 -1.858169e-02
1.310887e-01 1.721049e-02 1.101022e-01
6.618557e-02 1.054780e-01 -5.085509e-02
-2.281209e-02 5.059572e-03 1.121242e-01
-5.783444e-01 -1.555892e-02 -1.199216e-01
8.186454e-01 -1.107209e-01 -2.487249e-02
9.104562e-01 5.414801e-02 3.150681e-02
-1.223347e-01 -2.896811e-02 -1.141727e-01
2.342433e-02 -2.072336e-02 -1.142256e-01
6.512071e-01 6.380842e-02 9.121659e-02
-2.466297e-01 1.080601e-01 3.529977e-02
7.037650e-01 6.526333e-02 -9.383327e-02
9.937280e-01 3.434229e-02 -5.220299e-02
-2.331263e-01 -1.110748e-01 4.215893e-02
-3.767671e-01 1.023976e-01 5.659077e-02
6.045414e-01 -1.388103e-02 -1.069040e-01
6.933241e-01 -6.622024e-02 -9.074073e-02
6.211549e-01 9.846530e-02 -5.072289e-02
-8.703257e-01 6.331082e-03 -1.233181e-01
-3.965849e-02 1.096199e-01 3.664781e-02
-8.837630e-01 3.633464e-02 1.140669e-01
4.931364e-01 -8.780873e-02 5.222945e-02
8.346978e-01 9.075799e-02 8.012831e-02
3.987434e-01 -3.237611e-02 1.036395e-01
8.047449e-01 -2.544215e-02 -1.152035e-01
-4.980346e-01 -1.058711e-01 5.044540e-02
3.828247e-01 4.481531e-02 -1.063091e-01
-9.897073e-01 -9.930411e-02 7.304459e-02
5.470681e-01 -7.197448e-02 -6.874945e-02
8.949504e-01 -7.830556e-02 2.822928e-02
3.069987e-01 1.008377e-01 5.865246e-02
5.677037e-01 7.968194e-02 6.748067e-02
-9.697665e-01 -4.275736e-02 4.493428e-02
-5.191838e-01 -9.400862e-02 -7.784207e-02
-9.953003e-01 -1.010736e-01 -5.815027e-02
-1.944530e-01 -9.233087e-02 -7.667902e-02
-6.564375e-01 -1.138013e-01 -4.226467e-02
-6.603590e-01 5.742497e-02 -1.075119e-01
-3.491820e-01 -1.018470e-01 6.273614e-02
-6.547990e-01 1.007854e-01 5.837497e-02
-1.780539e-01 4.784383e-03 1.131551e-01
-4.644911e-01 1.088073e-01 -4.140558e-02
3.232828e-01 -8.635367e-02 -6.931767e-02
-9.995698e-01 2.055290e-02 9.999201e-02
3.332036e-02 -1.030005e-01 -4.855547e-02
-1.680087e-01 1.072606e-01 4.016327e-02
-5.683985e-01 9.868813e-02 -6.722965e-02
7.872698e-01 -8.670768e-02 7.096967e-02
-8.811981e-01 7.609038e-02 -9.592142e-02
-9.989412e-01 1.900619e-02 -9.849854e-02
1.278287e-01 -9.579124e-02 -5.908862e-02
-8.277800e-01 1.036821e-01 -5.889039e-02
5.026523e-01 4.756792e-02 -9.565717e-02
-2.953827e-01 -1.181006e-01 1.609707e-02
-9.256140e-01 5.808036e-02 -3.977947e-03
-7.585741e-01 3.642642e-02 -1.152300e-01
-6.529211e-02 1.129099e-01 -3.489008e-02
-8.131107e-02 -8.493802e-02 7.432661e-02
-1.831333e-01 8.229041e-02 -8.089490e-02
-4.165005e-01 -1.416945e-02 1.146485e-01
-6.279073e-01 4.320316e-02 1.088995e-01
-7.142402e-01 -1.192672e-01 -9.171878e-03
-6.422220e-01 -5.544499e-03 -1.215868e-01
6.051858e-01 -4.908844e-02 9.441486e-02
-4.580537e-01 3.398841e-02 1.101947e-01
-9.651913e-02 1.807561e-02 1.112123e-01
2.794956e-01 -3.892931e-03 -1.147541e-01
9.491467e-01 -5.469854e-02 -5.682165e-04
3.214128e-01 -9.677433e-02 4.761712e-02
7.403710e-01 -1.194118e-02 -1.147146e-01
3.303899e-02 -3.459130e-02 1.072212e-01
2.141781e-01 1.511326e-02 1.099833e-01
-3.132045e-01 9.495244e-02 -7.118113e-02
7.293994e-01 1.099214e-01 4.346727e-02
2.333579e-01 8.294566e-02 7.375825e-02
-2.676307e-01 -8.208054e-02 -8.941915e-02
-2.493945e-01 -1.276689e-02 1.132079e-01
3.382089e-01 1.743345e-03 1.100493e-01
-9.600018e-01 9.917306e-02 -6.981986e-02
-1.638211e-01 -1.146140e-01 -1.900461e-02
-4.819001e-01 3.098664e-02 -1.196044e-01
-5.456943e-01 -6.133099e-02 1.040229e-01
-7.809647e-01 -6.681004e-02 1.003224e-01
4.729640e-01 -6.701977e-02 -8.583766e-02
-6.788771e-01 2.778794e-03 1.175559e-01
1.142425e-01 7.386210e-02 8.479359e-02
7.146704e-01 -8.537058e-02 6.641027e-02
7.347608e-01 -9.946149e-02 -4.576689e-02
-5.156090e-01 1.085321e-01 3.951579e-02
8.072767e-01 -3.898239e-02 1.077101e-01
5.456785e-01 -2.406577e-02 9.175848e-02
-3.863650e-01 -1.018733e-01 -6.389918e-02
-9.167613e-01 2.760496e-02 -5.552022e-02
7.465927e-01 1.833771e-02 1.114503e-01
5.263994e-01 9.787537e-02 1.872698e-02
-9.263260e-01 -1.246807e-01 1.929534e-02
4.011760e-01 8.468901e-02 7.390368e-02
4.180729e-01 -1.081125e-01 -1.203972e-02
-7.212905e-01 -9.995950e-02 7.311077e-02
1.762169e-01 1.100001e-01 -3.260383e-02
8.384366e-01 -1.083222e-01 3.066096e-02
-2.135336e-01 2.367262e-02 -1.182168e-01
-8.368326e-01 1.144174e-01 2.440986e-02
-4.438382e-01 -5.750366e-02 -1.052387e-01
-7.324606e-01 1.095806e-01 -3.323808e-02
-8.155921e-02 3.676721e-02 -1.175427e-01
8.934270e-01 7.661472e-02 -2.100013e-02
1.256112e-01 -3.993929e-02 1.054898e-01
8.683075e-01 1.841640e-02 -7.013705e-02
-9.870432e-01 9.791478e-02 6.208866e-02
8.989379e-01 -5.465927e-02 1.017630e-01
-9.754508e-02 9.618453e-02 6.288157e-02
3.149926e-01 9.780992e-02 -6.179779e-02
-9.559811e-01 -7.786006e-03 -1.246398e-01
4.454767e-01 4.915404e-02 9.927836e-02
2.216584e-01 -7.488446e-02 8.158208e-02
-9.178200e-01 -3.161585e-02 1.182168e-01
-8.726763e-01 -1.085975e-01 -6.405771e-02
8.880498e-01 2.179822e-02 7.229138e-02
7.584748e-01 8.424335e-02 -8.685527e-02
-1.309818e-02 2.523241e-02 -1.156132e-01
3.376637e-01 6.396579e-02 9.130909e-02
-2.985258e-01 -1.060678e-01 -4.716772e-02
9.523560e-01 -6.842191e-03 -6.261718e-02
-4.719383e-01 -6.506669e-02 9.651611e-02
-9.640066e-01 -5.026818e-02 -5.160830e-02
-7.209344e-02 -6.696741e-02 -9.679374e-02
-5.370402e-01 2.341038e-02 -1.191419e-01
9.043655e-01 8.674696e-02 -7.920320e-02
7.800210e-01 8.218554e-02 8.447639e-02
1.894823e-03 8.598670e-02 7.607110e-02
-8.026101e-01 -1.251788e-02 -1.219173e-01
-6.187885e-01 -1.054255e-01 5.920745e-02
8.455198e-01 1.243399e-01 2.299623e-03
5.332748e-02 1.118483e-01 5.762147e-03
-2.629310e-01 1.069460e-01 -4.878017e-02
-5.466869e-01 2.234875e-02 1.138290e-01
6.920165e-01 2.266321e-02 1.100625e-01
1.440458e-01 1.038918e-01 5.043217e-02
-4.007962e-01 -1.151251e-01 3.211474e-02
-2.855691e-01 2.536346e-02 -1.177674e-01
2.048449e-01 -8.423026e-02 -7.875395e-02
1.490180e-02 -6.805536e-02 -8.956459e-02
-2.680026e-02 -1.047439e-01 4.190777e-02
-8.306426e-01 2.974146e-02 1.147278e-01
-3.117157e-01 -4.354380e-02 1.078423e-01
6.180117e-01 9.119055e-02 5.426468e-02
9.034391e-01 -6.268119e-02 -9.489058e-02
-3.428928e-01 -5.531409e-03 -1.191816e-01
-3.875071e-01 4.368808e-02 -1.130758e-01
5.621438e-01 1.806252e-02 -1.041947e-01
3.946732e-03 9.509658e-02 -6.795654e-02
-9.445952e-01 1.175502e-01 -2.251993e-02
9.540938e-01 3.211402e-02 5.166124e-02
-8.960264e-01 -3.685898e-02 3.781085e-02
-1.544549e-01 -7.392756e-02 8.056447e-02
-7.413478e-01 1.112060e-01 1.864772e-02
2.345504e-01 5.636319e-02 -1.012343e-01
3.090422e-02 -8.586874e-02 7.073188e-02
-4.602719e-01 1.112191e-01 1.748467e-02
7.002909e-01 -1.064085e-01 2.006178e-02
8.104530e-01 8.985345e-02 -8.126489e-02
-9.032910e-01 3.586281e-02 3.861700e-02
2.082715e-01 -1.039574e-01 1.281954e-02
3.289420e-01 1.142601e-01 -8.286467e-03
-7.535767e-01 5.306006e-02 1.049612e-01
-5.949263e-01 -7.560531e-02 9.449412e-02
-5.618460e-01 -1.129494e-01 -4.568763e-02
3.741691e-01 -8.331277e-02 6.971427e-02
-9.339214e-01 -6.880239e-02 -1.062431e-01
4.145312e-01 -4.663734e-02 -1.021727e-01
2.091979e-01 -3.025257e-02 -1.110141e-01
-5.036276e-01 6.587946e-02 9.800958e-02
-9.004772e-01 8.194948e-02 8.569223e-02
8.669668e-01 4.366190e-02 1.135648e-01
6.242506e-01 -1.055434e-01 7.149890e-03
-3.627516e-01 -1.048691e-04 1.148071e-01
1.266206e-01 -7.930174e-02 6.983309e-02
-1.514772e-01 1.131853e-01 -1.970503e-02
-4.425148e-01 -1.336964e-03 -1.200010e-01
-3.606988e-01 1.179958e-01 -3.555165e-03
-8.956625e-01 -3.709490e-02 -3.428216e-02
-6.160913e-01 -5.176237e-02 -1.113841e-01
-3.362727e-01 5.215566e-02 1.032960e-01
-9.571723e-01 3.198267e-03 1.212433e-01
-9.820947e-01 -7.289211e-02 -6.871824e-04
6.578933e-01 4.658484e-02 -1.026484e-01
7.488770e-01 1.203552e-01 -1.638765e-03
-1.950328e-01 8.685183e-02 7.689049e-02
-9.985600e-01 6.686254e-02 -8.211074e-02
-7.159291e-01 -6.319229e-02 -1.097718e-01
2.890273e-01 -7.371782e-02 7.838381e-02
1.827694e-01 6.754412e-02 -9.586863e-02
7.828506e-01 -9.909437e-02 -5.656430e-02
-8.176025e-01 -1.222165e-01 1.509269e-02
4.381791e-01 1.084009e-01 3.352895e-02
-5.544161e-01 -5.663853e-02 -1.101550e-01
-8.699618e-01 -7.358678e-02 9.849854e-02
4.375174e-01 -6.273355e-02 8.770113e-02
5.284349e-01 -9.335323e-02 1.954636e-02
9.946055e-01 -4.191856e-02 9.951557e-03
6.931321e-02 -1.032103e-01 4.704876e-02
-5.649734e-01 1.016767e-01 5.505774e-02
-6.583817e-02 -3.402768e-02 1.077366e-01
-5.770210e-01 1.181923e-01 -2.406620e-02
-7.618101e-02 -1.033413e-01 -5.121184e-02
8.416977e-01 1.377630e-02 -1.202653e-01
-8.015831e-01 -8.459723e-02 -9.088616e-02
2.861143e-01 7.641864e-03 1.101022e-01
3.314407e-01 3.025271e-02 -1.113048e-01
4.971082e-01 1.059498e-01 -1.895167e-02
-9.730924e-01 2.620981e-04 6.553795e-02
9.025789e-01 1.251001e-01 -2.763460e-02
2.616234e-01 1.084927e-01 3.377997e-02
-7.538572e-01 -1.179564e-01 -3.561696e-02
-7.691156e-01 1.011000e-01 -6.247188e-02
2.918900e-01 -1.053075e-01 2.616817e-03
8.545394e-01 -3.442083e-02 1.112123e-01
1.170799e-02 1.100788e-01 3.540550e-02
-6.846686e-01 8.877872e-02 -8.105343e-02
-2.840629e-01 5.570780e-02 1.024502e-01
-8.873046e-01 -5.074001e-02 -1.147938e-01
-9.666708e-01 -7.510672e-03 -7.608434e-02
6.687153e-01 8.746794e-02 -7.095643e-02
3.712072e-01 -8.761208e-02 -6.800933e-02
-9.327807e-01 -7.488446e-02 4.608409e-02
6.616903e-02 -1.129230e-01 -1.149783e-02
-7.014316e-01 9.419217e-02 6.288157e-02
4.024836e-01 1.128051e-01 -1.880638e-02
-7.950133e-01 1.069722e-01 4.755109e-02
5.531415e-01 6.334967e-02 -8.439713e-02
-3.283968e-01 1.125692e-01 3.031744e-02
-1.600148e-01 -6.776694e-02 -9.738843e-02
6.437440e-01 2.073645e-02 1.079744e-01
6.637841e-01 1.089252e-01 -2.914116e-02
6.022570e-01 -8.977476e-02 5.627357e-02
-2.392990e-01 -7.578887e-02 7.950716e-02
9.909143e-01 1.207223e-02 2.550645e-03
-8.732876e-01 -1.061464e-01 6.487709e-02
8.993680e-01 2.700194e-02 -1.104194e-01
6.448107e-02 6.513229e-02 9.284212e-02
-1.666680e-01 7.864396e-04 -1.182696e-01
6.987596e-02 -3.139303e-02 -1.116748e-01
5.601083e-01 -3.436847e-02 -9.828707e-02
-8.841773e-01 1.092660e-01 4.461708e-02
-7.242365e-01 1.073526e-02 1.174370e-01
-9.628738e-02 7.169928e-02 -9.145452e-02
-6.126158e-01 -1.084140e-01 -5.437041e-02
-8.003258e-01 7.058515e-02 9.383327e-02
8.736185e-01 1.084665e-01 6.424285e-02
8.984747e-01 -6.990358e-02 -1.760364e-02
4.554227e-01 -1.060153e-01 2.076234e-02
5.772353e-01 9.969740e-02 -4.013695e-02
8.225416e-02 7.092594e-02 -9.311961e-02
1.611081e-01 -1.089907e-01 4.295142e-03
-1.109990e-01 -1.109307e-01 3.148049e-02
-4.060252e-01 -1.149154e-01 -1.252867e-02
9.590675e-02 1.032365e-01 5.063039e-02
7.223161e-01 2.913843e-02 -1.135780e-01
9.470450e-01 6.410993e-02 -2.237464e-02
5.126629e-01 -5.703168e-02 7.822529e-02
-7.486454e-01 -1.667306e-02 -1.207674e-01
-4.230703e-01 9.521453e-02 6.902694e-02
4.767704e-01 3.250773e-03 -1.111198e-01
6.542352e-01 -3.860219e-02 -1.025691e-01
8.624988e-01 -3.221874e-02 -6.400491e-02
-9.422289e-01 -4.166940e-02 7.969229e-02
-9.397632e-01 6.654793e-02 3.718970e-02
1.499380e-01 3.562689e-02 -1.117542e-01
-4.208032e-01 1.074572e-01 -4.868767e-02
6.808291e-01 -6.577459e-02 8.700071e-02
-9.819782e-01 6.291711e-02 -4.414107e-03
-6.376375e-01 1.155184e-01 -1.584591e-02
-6.063453e-01 7.635248e-02 8.939283e-02
-8.930141e-01 -1.230685e-01 -2.783283e-02
-9.973847e-01 8.925056e-02 -4.326904e-02
2.060253e-03 6.348072e-02 -1.005074e-01
6.308534e-01 -9.972358e-02 -4.375799e-02
-2.837242e-02 -1.101573e-01 -2.996055e-02
2.626002e-01 1.015849e-01 -5.598285e-02
6.318949e-01 1.100263e-01 6.581530e-03
-5.145172e-01 -8.565900e-02 8.562620e-02
-2.400111e-01 -3.350334e-02 -1.136177e-01
5.871324e-01 -8.349618e-02 -5.450261e-02
8.079053e-01 -7.783372e-02 -8.808435e-02
4.290445e-01 4.320316e-02 -1.065868e-01
6.894344e-01 9.168857e-02 6.752038e-02
2.808853e-01 -8.333895e-02 -7.751164e-02
8.979454e-01 -8.797905e-02 7.030895e-02
4.331644e-01 9.018099e-03 1.090582e-01
-7.033348e-01 5.494769e-02 -1.095603e-01
5.320233e-03 3.893002e-02 1.056484e-01
-9.657444e-01 -1.247463e-01 -2.526895e-02
-8.742155e-01 1.182056e-01 5.286571e-04
-3.721005e-01 -6.333658e-02 -1.013400e-01
3.751948e-01 -1.068149e-01 1.969180e-02
-1.212921e-01 -1.149154e-01 -1.496049e-02
-1.897692e-01 5.278487e-02 1.023180e-01
-3.874079e-01 -8.457104e-02 8.171429e-02
5.546635e-01 4.395018e-02 8.989502e-02
9.418570e-02 -1.162657e-02 1.108554e-01
5.207561e-01 8.019304e-02 5.709296e-02
1.367317e-01 1.050847e-01 -4.752462e-02
-2.671833e-01 -5.481650e-02 1.037320e-01
8.891416e-01 -9.387757e-02 -6.996529e-02
-6.783146e-01 -9.716762e-02 7.251594e-02
5.379824e-01 -9.446737e-02 -2.632626e-02
-7.824032e-01 7.046719e-02 -9.794355e-02
-5.434444e-01 -1.167112e-01 2.826899e-02
-4.840852e-01 -1.100525e-01 -4.443209e-02
2.230653e-01 1.134605e-01 -9.634506e-03
-2.031324e-02 -5.101520e-02 -1.050933e-01
7.796067e-01 -7.536998e-03 1.140669e-01
6.980900e-01 1.155053e-01 -3.304287e-04
-6.484768e-01 7.502860e-02 9.088616e-02
-9.379435e-01 6.738689e-02 -4.341447e-02
7.918529e-01 -1.068804e-01 2.783283e-02
-5.898958e-01 2.634655e-02 1.130758e-01
-8.431693e-01 -3.581030e-02 -1.184547e-01
6.011321e-01 6.414920e-02 8.702718e-02
-3.404430e-01 -1.069198e-01 -5.118538e-02
4.523442e-01 -9.864872e-02 -4.644084e-02
-9.269547e-01 -6.919568e-02 -5.035276e-02
-4.311462e-01 -5.881444e-02 1.018422e-01
-8.284748e-01 -5.954837e-02 1.058731e-01
-6.769077e-01 -9.537176e-02 -7.752487e-02
-9.327965e-01 3.710799e-02 6.810183e-02
-5.200282e-01 1.005494e-01 -6.195646e-02
-9.621697e-01 -7.015259e-02 1.023444e-01
-9.980968e-01 5.558985e-02 7.785531e-02
8.382553e-01 1.133163e-01 4.318978e-02
4.158216e-01 9.828175e-02 -5.972287e-02
3.859190e-01 7.974739e-02 -8.396097e-02
-9.083041e-01 9.689242e-02 -7.260843e-02
-6.919172e-01 1.124119e-01 -4.085060e-02
-2.873399e-01 6.674459e-02 -1.036263e-01
-9.673325e-01 -8.828057e-02 -9.183775e-02
8.977138e-01 -1.168161e-01 1.379745e-02
-2.357243e-01 8.382388e-02 7.132657e-02
-4.789713e-01 9.189830e-02 -7.587287e-02
-7.649957e-01 -9.695788e-02 -7.719444e-02
-2.040020e-01 -9.449354e-02 6.565691e-02
-7.552971e-01 -2.497017e-02 1.164194e-01
-1.410345e-01 7.657530e-02 -9.082014e-02
-6.747226e-01 -4.126316e-02 1.118863e-01
-5.497164e-01 1.129494e-01 1.193399e-02
-1.333229e-01 3.528596e-02 1.075647e-01
4.836379e-01 9.666945e-02 -5.630005e-02
8.436325e-01 4.482868e-03 1.166573e-01
-9.157356e-01 -1.850804e-02 -1.235560e-01
7.099707e-01 -2.559938e-02 1.074457e-01
-2.227675e-01 1.045341e-01 -5.489907e-02
1.021620e-01 -1.068935e-01 -2.959056e-02
8.625887e-02 3.207460e-02 1.069435e-01
5.049352e-01 -7.775504e-02 -6.319877e-02
8.921366e-01 -2.187677e-02 7.184199e-02
-8.362529e-01 1.169472e-01 -1.599134e-02
1.604795e-01 -9.712763e-03 -1.155737e-01
-8.908966e-01 -8.617025e-02 -9.230023e-02
4.793021e-01 1.095937e-01 1.710145e-02
1.100556e-01 -3.456512e-02 -1.101947e-01
4.785901e-01 6.746557e-02 8.524298e-02
8.841931e-01 5.752984e-02 -6.017226e-02
-4.576898e-01 -1.795751e-02 1.144766e-01
-2.866120e-01 1.072081e-01 3.072714e-02
-4.346374e-01 6.354631e-02 9.627832e-02
-8.505093e-02 -3.237540e-03 -1.177542e-01
-1.523863e-01 -3.252026e-02 1.087938e-01
3.838410e-02 8.252633e-02 -8.415920e-02
8.264393e-01 5.682209e-02 -1.088202e-01
-3.701816e-01 7.515980e-02 8.516372e-02
-6.204773e-01 7.805655e-02 -9.208876e-02
6.191539e-01 -1.137757e-02 1.059789e-01
3.067672e-01 -4.347835e-02 -1.049743e-01
-3.111532e-01 -1.043900e-01 5.104009e-02
-2.308103e-01 -6.968061e-02 -9.974085e-02
5.759953e-01 -9.647281e-02 2.522925e-02
8.542574e-01 -4.223316e-02 -1.115823e-01
9.958801e-01 3.862851e-02 4.181527e-02
-6.150498e-01 1.023190e-01 6.080665e-02
-9.208402e-02 5.576031e-02 9.993907e-02
-2.573870e-01 2.698885e-02 1.105647e-01
1.426396e-01 -1.117696e-01 3.898713e-02
-4.732618e-01 -8.010127e-02 -8.961739e-02
-9.733729e-01 5.409565e-02 -1.113576e-01
-3.473781e-01 1.072344e-01 -3.890773e-02
1.666680e-01 -6.825187e-02 8.689498e-02
-1.913084e-01 -1.130410e-01 2.733064e-02
2.323495e-01 4.857719e-02 1.010624e-01
-7.211912e-01 -1.178516e-01 2.926013e-02
5.491604e-02 1.085322e-02 -1.159701e-01
-2.330601e-01 -9.981536e-02 -6.249835e-02
-3.245984e-02 1.012179e-01 -5.532199e-02
-8.526362e-01 -1.232388e-01 -1.844949e-02
-7.924484e-01 -9.897642e-02 7.205345e-02
1.642513e-01 -3.119581e-03 1.109349e-01
7.676598e-01 5.046482e-02 1.056749e-01
7.924233e-02 -9.859636e-02 -5.984183e-02
-9.504544e-01 9.108568e-02 7.687725e-02
-9.664061e-01 -1.174321e-01 4.789461e-02
-9.774943e-01 1.154136e-01 2.885044e-02
9.092321e-01 8.686491e-02 5.222945e-02
9.201706e-01 -4.638819e-02 2.507072e-02
4.862027e-01 7.969559e-03 1.051858e-01
-2.526873e-01 1.158461e-01 -2.114485e-03
-5.833088e-01 -1.135915e-01 2.682845e-02
-5.575592e-01 7.398007e-02 -9.487734e-02
-6.379194e-01 -1.160297e-01 1.144503e-02
-3.983967e-01 7.985226e-02 -9.210200e-02
-4.461226e-01 -1.089514e-01 4.258186e-02
9.404912e-01 -4.305887e-02 -3.629105e-02
2.548221e-01 2.677911e-02 -1.150582e-01
-3.316061e-01 -7.694241e-02 8.608883e-02
7.716632e-01 -1.086499e-01 -1.917637e-02
5.920795e-01 -5.253572e-02 -8.751614e-02
-1.917716e-01 5.382032e-02 -1.050140e-01
-8.967543e-01 -5.020302e-03 -5.512376e-02
-4.861855e-01 -1.184021e-01 2.867839e-03
7.475852e-01 1.057401e-01 -5.719869e-02
-6.767250e-01 -3.092105e-02 -1.178467e-01
9.726622e-01 -3.552188e-02 4.050693e-02
1.638873e-01 1.157543e-01 1.683719e-02
4.701503e-01 -3.438156e-02 -1.052915e-01
-9.927685e-01 -5.992857e-02 6.985956e-02
1.794435e-01 9.381197e-02 -6.859079e-02
9.943739e-01 -4.954705e-03 -5.863923e-02
3.647367e-01 1.215091e-02 -1.138687e-01
-3.365877e-01 -5.156587e-02 -1.078819e-01
-9.208984e-01 2.888942e-02 1.168820e-01
-6.316144e-01 -4.021448e-02 1.115956e-01
7.492410e-01 -9.728557e-02 4.990351e-02
2.430722e-01 -8.552795e-02 -7.572744e-02
-4.957848e-01 3.046245e-02 1.113841e-01
-6.258560e-01 3.275617e-02 -1.172652e-01
1.471983e-02 -7.868795e-05 1.116748e-01
4.468332e-01 8.568518e-02 7.234418e-02
6.655060e-01 -9.069239e-02 -6.023829e-02
7.495718e-01 -7.253824e-02 8.211074e-02
-5.271603e-01 9.335323e-02 7.215918e-02
-6.093561e-01 1.098690e-01 -4.151131e-02
2.295530e-01 -1.080339e-01 -4.283288e-02
-2.698647e-01 -1.049405e-01 4.747169e-02
3.342372e-01 1.103278e-01 2.869191e-02
2.110176e-01 -9.714144e-02 5.155551e-02
9.033240e-01 3.472234e-02 1.108159e-01
-9.774770e-01 -8.153001e-02 4.238363e-02
9.877538e-01 6.167192e-02 -2.733064e-02
-2.085693e-01 -1.769541e-02 1.121375e-01
-6.288999e-01 -8.078299e-02 -9.154702e-02
-6.971053e-02 -1.070639e-01 4.599159e-02
-6.365377e-02 1.148630e-01 2.378885e-03
-4.145391e-03 -3.417182e-02 1.075119e-01
-5.008483e-01 1.168292e-01 6.013313e-03
6.416265e-01 -5.530157e-02 9.165275e-02
2.697986e-01 8.923747e-02 7.128686e-02
1.060675e-01 4.692562e-02 -1.082916e-01
-8.363018e-01 -1.036034e-01 -6.901371e-02
-3.858528e-01 1.110486e-01 -2.984158e-02
-9.110849e-01 1.188741e-01 -6.859021e-03
-1.173039e-01 -9.027292e-02 6.762611e-02
-5.414909e-01 -1.840317e-02 -1.192344e-01
7.918040e-01 1.206042e-01 -4.255582e-03
-9.211962e-01 -1.105112e-01 5.895642e-02
5.601083e-01 8.913231e-03 9.995231e-02
2.400600e-01 -1.042066e-02 -1.143974e-01
-4.352661e-01 3.435538e-02 -1.145163e-01
-1.341172e-01 9.925175e-02 6.056872e-02
3.263109e-01 7.096521e-02 -9.166599e-02
3.783063e-01 -1.036559e-01 -3.573593e-02
6.219504e-01 2.438037e-02 -1.072475e-01
-7.575815e-01 -1.207485e-01 6.132135e-03
9.016021e-01 6.894696e-03 -5.997403e-02
-6.419401e-01 1.122546e-01 2.603539e-02
-6.725217e-01 -1.219675e-01 -1.037448e-02
-4.704150e-01 6.161941e-02 -1.031506e-01
1.964555e-01 9.025983e-02 6.524722e-02
4.731625e-01 -7.154191e-02 7.810632e-02
3.061054e-01 -9.897642e-02 -3.968755e-02
3.684266e-01 9.469019e-02 6.128237e-02
6.639164e-01 -1.043113e-01 1.868742e-02
-8.986574e-01 2.904680e-02 -1.203578e-01
-2.040681e-01 1.060154e-01 3.520727e-02
8.285913e-01 1.191231e-01 -3.206194e-02
3.197585e-01 3.278250e-02 1.056880e-01
-5.173892e-02 2.685780e-02 1.092696e-01
-5.528107e-01 -1.338301e-02 1.159834e-01
8.706566e-01 -1.035380e-01 4.654657e-02
1.963059e-01 4.590326e-02 1.022122e-01
-4.360112e-01 -1.102360e-01 -3.218091e-02
-6.939528e-01 -7.032291e-02 9.689948e-02
-8.995508e-01 4.005725e-02 -2.627332e-02
-8.598677e-01 6.694123e-02 9.744122e-02
3.125177e-02 1.097511e-01 -4.278009e-02
-4.647652e-02 3.801239e-02 -1.091374e-01
-9.653143e-01 -8.303744e-02 -3.658178e-02
4.910506e-01 -1.010082e-01 1.821155e-02
7.031536e-01 -2.975455e-02 -1.104987e-01
7.254025e-02 -4.242966e-02 1.067188e-01
3.666888e-01 1.136309e-01 -1.485476e-02
9.085940e-02 1.127134e-01 -2.100013e-02
-9.911631e-01 -2.060540e-02 -1.196970e-01
-9.709073e-01 -5.089724e-02 -1.154415e-01
8.050427e-01 1.016374e-01 6.309303e-02
-1.128359e-01 1.111273e-01 -2.842751e-02
7.632076e-01 1.018471e-01 5.970978e-02
-6.921819e-01 -1.150072e-01 -4.086369e-02
-7.565055e-01 -8.736308e-02 8.422537e-02
1.727903e-01 -9.294685e-02 -6.568339e-02
-2.727274e-01 8.343073e-02 7.501379e-02
8.778550e-01 1.056483e-01 -2.867839e-03
-7.528739e-02 9.830793e-02 -6.586838e-02
2.189770e-01 -2.949231e-02 1.070890e-01
-9.284450e-01 -1.231996e-01 -3.092537e-02
-2.638402e-01 -1.148761e-01 1.323441e-05
-6.626261e-01 3.596767e-02 1.113841e-01
1.405214e-01 -1.093709e-01 -2.883720e-02
6.515710e-01 9.067930e-02 6.803580e-02
8.049923e-01 9.817774e-03 -1.192212e-01
-2.608294e-01 -1.309132e-05 -1.189832e-01
8.340347e-01 -9.902892e-02 -6.038372e-02
5.273085e-01 1.898001e-02 -9.774533e-02
2.996191e-01 -3.269072e-02 1.051330e-01
-5.657674e-01 -1.217183e-01 -4.149851e-03
7.617849e-01 -4.007034e-02 -1.095471e-01
-2.052751e-01 -1.145353e-01 -1.225118e-02
-3.036729e-01 -7.012641e-02 -9.890823e-02
-6.616665e-01 2.380367e-02 -1.193269e-01
5.585863e-01 1.056221e-01 -7.995598e-03
-9.571723e-01 2.643832e-02 -7.707548e-02
4.690664e-02 -6.236659e-02 -1.048026e-01
-3.472127e-01 -1.159117e-01 3.052891e-02
8.930631e-01 8.253942e-02 2.011472e-02
5.556561e-01 9.606657e-02 3.819408e-02
6.305384e-01 7.058515e-02 -8.616809e-02
8.115462e-01 6.987725e-02 9.637082e-02
8.184627e-01 -9.480815e-02 5.623387e-02
-5.836900e-01 -4.615227e-02 1.099833e-01
5.821177e-01 8.101890e-02 -6.947634e-02
7.452692e-01 5.431848e-02 -1.054105e-01
4.381791e-01 -3.152408e-02 1.034810e-01
9.105224e-01 6.152763e-02 -1.026352e-01
-8.201342e-01 -3.290046e-03 1.193137e-01
2.456875e-01 -1.058318e-01 1.202648e-02
-1.433182e-01 1.402559e-03 1.131023e-01
-4.752800e-01 -9.185889e-02 7.288607e-02
-8.369477e-01 1.624049e-02 -1.213621e-01
-9.851731e-01 8.139896e-02 2.904867e-02
-6.372405e-01 1.048626e-02 1.164988e-01
8.911440e-01 1.165671e-01 -5.943214e-02
-1.121170e-02 -1.744641e-02 -1.149128e-01
-9.665558e-01 3.843186e-02 7.637507e-02
-3.426375e-02 -1.129099e-01 7.321650e-03
7.786645e-01 -5.928628e-02 9.565717e-02
-1.553655e-01 9.745604e-02 -6.523399e-02
-3.563142e-01 7.987858e-02 -8.542797e-02
-4.432930e-01 1.152432e-01 -1.426008e-02
-9.274179e-01 9.293432e-03 -8.277160e-02
8.867422e-01 -3.081632e-02 -8.850727e-02
6.847189e-01 5.823759e-02 9.715049e-02
8.542402e-01 8.554104e-02 -8.981561e-02
-5.337711e-02 -6.910391e-02 8.686851e-02
3.850415e-01 5.636125e-04 1.095736e-01
-9.961447e-01 -1.047701e-01 -2.063014e-02
8.529671e-01 -1.130804e-01 -2.471382e-02
1.327105e-01 -6.911700e-02 -9.248536e-02
-5.532408e-01 -9.777050e-02 -7.587287e-02
-2.100912e-01 1.700075e-02 1.122960e-01
4.575733e-01 -1.072081e-01 -1.366525e-02
-1.800894e-01 1.149548e-01 8.061770e-03
9.492790e-01 5.966633e-02 2.484602e-02
-3.430755e-01 8.972240e-02 7.018999e-02
5.710626e-01 -4.659793e-02 8.819008e-02
-2.770458e-01 9.381197e-02 -7.687725e-02
-9.757565e-01 4.890488e-02 1.090977e-01
-7.181459e-01 4.391091e-02 1.096264e-01
9.629638e-01 -3.015151e-04 5.668327e-02
-4.293092e-01 -8.362723e-02 -8.742363e-02
-9.893922e-01 -7.458310e-03 1.197234e-01
-2.444460e-01 3.696385e-02 -1.141727e-01
7.067945e-01 -1.078111e-01 -1.305733e-02
4.386171e-02 -8.466282e-02 -7.962613e-02
7.213235e-01 -8.120232e-02 -7.946760e-02
-9.275833e-01 -4.172191e-02 4.892546e-02
-9.045986e-01 -3.691135e-02 5.233490e-03
-5.064413e-01 -5.771325e-02 1.025954e-01
1.365498e-01 4.927200e-02 1.014986e-01
-9.794636e-01 1.158199e-01 -3.318528e-02
-1.594365e-01 -1.046783e-01 -5.072289e-02
3.962620e-01 -6.215685e-02 8.850727e-02
9.173079e-01 2.916475e-02 5.271841e-02
3.505716e-01 -6.987725e-02 -8.748966e-02
2.544912e-01 -6.973311e-02 8.524298e-02
7.129657e-01 8.906701e-02 -7.237064e-02
-6.517631e-02 8.978799e-02 6.765258e-02
-9.569076e-01 -9.816379e-02 7.885968e-02
4.905716e-01 7.492374e-02 -8.097417e-02
-6.839565e-01 1.101181e-01 3.712367e-02
-7.535357e-02 1.091873e-01 3.303985e-02
-3.379112e-01 -2.351525e-02 1.123885e-01
5.273085e-01 -7.871194e-02 5.133081e-02
-8.247677e-01 8.476769e-02 -8.603590e-02
-3.988427e-01 -4.661102e-02 1.073137e-01
1.029067e-01 9.398244e-02 -6.917238e-02
-5.036117e-01 -5.806727e-02 -1.055427e-01
-9.382161e-02 -1.542773e-02 1.114238e-01
3.234389e-02 -1.079945e-01 4.311052e-02
8.518738e-01 7.019186e-02 9.943688e-02
-8.788648e-01 -7.196067e-03 1.209261e-01
-8.521888e-01 4.657175e-02 -1.129171e-01
-8.932961e-01 -5.244409e-02 1.111066e-01
8.164933e-01 -7.568400e-02 8.789936e-02
-9.724465e-01 -2.979382e-02 8.517681e-02
1.886443e-01 -5.787062e-02 -9.815502e-02
2.226179e-01 1.010605e-01 4.844974e-02
-1.546376e-01 -3.497135e-02 -1.122960e-01
1.006395e-01 -9.467710e-02 5.215019e-02
9.576527e-01 4.024080e-02 -5.571845e-02
4.399830e-01 -7.020495e-02 -8.623412e-02
-1.339186e-01 1.192809e-02 -1.176484e-01
9.238273e-01 6.519788e-02 8.193826e-04
-3.943746e-01 1.001428e-02 1.146485e-01
-2.168767e-01 8.628821e-02 -8.139709e-02
5.133592e-01 -2.017284e-02 9.465279e-02
5.880257e-01 -1.867850e-02 9.922542e-02
2.567253e-01 2.789324e-02 1.074326e-01
-6.516041e-01 8.332586e-02 -8.400067e-02
-1.053315e-02 1.152694e-01 1.163003e-02
-9.330943e-01 8.366665e-02 -8.896990e-02
2.967392e-01 1.087942e-01 -3.586813e-02
-7.124140e-03 -9.098068e-02 6.364802e-02
7.148862e-01 -6.236659e-02 8.920769e-02
-9.048963e-01 2.423623e-02 7.899174e-02
3.107058e-01 4.718786e-03 -1.150978e-01
-6.106810e-01 -1.277998e-02 -1.205825e-01
-8.079385e-01 -1.144436e-01 4.498707e-02
1.912171e-02 2.221755e-02 -1.151507e-01
-2.662569e-01 -1.083354e-01 -4.683744e-02
-7.444579e-01 -5.766089e-02 1.047893e-01
3.430740e-01 -1.058055e-01 2.548041e-02
3.663910e-01 -4.705667e-02 9.812855e-02
-4.707789e-01 6.152763e-02 9.926512e-02
-8.014507e-01 -5.638938e-02 -1.101683e-01
-9.484347e-01 -4.202342e-02 -7.854249e-02
4.613969e-01 -9.286831e-02 5.291678e-02
7.772403e-01 -6.317849e-03 -1.176354e-01
2.583134e-01 -8.965738e-03 1.098246e-01
4.018708e-01 1.052553e-02 -1.137630e-01
6.572978e-01 -7.078180e-02 -8.394774e-02
6.290653e-01 -8.079608e-02 7.131333e-02
3.390534e-01 -8.118922e-02 7.226491e-02
-5.751509e-01 2.995119e-02 -1.197631e-01
8.111981e-01 -3.984709e-03 1.173049e-01
-7.396920e-01 -8.260487e-02 -9.034427e-02
2.606316e-03 -1.122415e-01 -1.422037e-02
-7.897354e-01 -2.036934e-02 1.175427e-01
2.549293e-02 -6.274664e-02 9.470558e-02
9.967892e-01 1.019783e-02 -3.088566e-02
-3.257485e-01 -1.170651e-01 7.070484e-03
9.118458e-01 -1.457583e-02 -1.144502e-01
8.919381e-01 -6.598432e-02 -5.548066e-02
-1.287225e-01 -6.577459e-02 -9.393900e-02
-4.424976e-01 1.080208e-01 4.326904e-02
-1.845984e-02 7.075547e-02 9.462632e-02
-3.807389e-01 -1.108127e-01 -3.079316e-02
-7.891887e-01 4.333420e-02 -1.132343e-01
-9.806878e-01 7.951147e-02 8.840154e-02
4.469167e-01 1.001561e-01 -5.606211e-02
-9.751200e-02 -4.691253e-02 -1.074194e-01
4.118829e-01 6.181606e-02 9.248536e-02
3.759903e-01 -2.740832e-02 -1.099568e-01
-1.915400e-01 1.029744e-01 -5.304884e-02
-2.247857e-01 1.152169e-01 1.362569e-02
-9.881839e-01 -7.038851e-02 -5.376249e-02
6.370592e-01 -2.857482e-03 -1.100625e-01
-7.826521e-01 4.250835e-02 1.093886e-01
-6.252432e-01 -1.189133e-01 -2.670948e-02
5.899778e-01 9.721998e-02 4.209291e-02
-7.194376e-01 2.947936e-02 -1.201992e-01
-7.111302e-01 9.560782e-02 -6.611940e-02
3.917846e-02 7.947220e-02 8.174075e-02
-9.667370e-01 -3.051481e-02 1.187850e-01
4.083916e-01 1.056221e-01 4.209291e-02
8.979957e-01 -5.826391e-02 6.124281e-02
-1.458166e-01 1.123332e-01 1.903094e-02
-5.262498e-01 -2.921712e-02 1.131154e-01
-1.260746e-01 -6.868443e-02 9.196994e-02
-2.036301e-02 9.651222e-02 5.705326e-02
-3.868217e-02 1.141815e-01 -1.908388e-02
6.263681e-01 4.485472e-02 9.941042e-02
-9.347817e-01 1.510017e-02 -1.235693e-01
8.157575e-02 8.822820e-02 7.346752e-02
8.688038e-01 -1.164884e-01 1.546268e-03
8.639718e-01 1.213775e-01 2.817649e-02
-9.452081e-01 1.177730e-01 1.403538e-02
-1.765305e-01 3.010843e-02 -1.175296e-01
7.907690e-02 1.110750e-01 2.269183e-02
-3.601191e-01 3.006915e-02 -1.166441e-01
-5.520828e-01 -8.446618e-02 8.474079e-02
-8.677608e-01 9.533249e-02 6.880225e-02
4.956682e-01 -4.796122e-02 -9.387297e-02
-5.324887e-01 -1.073391e-01 -5.266562e-02
-5.050186e-01 5.140849e-02 -1.105780e-01
-5.331346e-01 -1.019257e-01 6.111061e-02
8.255949e-01 -5.136922e-02 -1.056617e-01
-1.630443e-01 9.311731e-02 6.864372e-02
-9.085530e-01 1.008640e-01 6.116340e-02
3.528215e-01 5.079252e-02 -1.036395e-01
-9.580325e-01 -7.289211e-02 2.043192e-02
-4.434585e-01 9.788860e-02 -6.681996e-02
7.980587e-01 6.582709e-02 -1.019612e-01
4.813046e-01 4.039804e-02 9.901396e-02
-3.138993e-01 -1.131853e-01 -2.185922e-02
-7.369617e-01 7.286593e-02 8.890373e-02
7.388066e-02 3.440774e-02 -1.125869e-01
-7.892880e-01 -1.219280e-01 -1.868742e-02
-9.248120e-02 -6.105580e-02 9.625185e-02
-3.142978e-01 1.082698e-01 -4.137911e-02
-4.945433e-01 1.051108e-01 -4.607085e-02
-1.501192e-01 -1.142338e-01 1.153753e-02
-7.342976e-01 5.456749e-02 -1.118335e-01
-8.517098e-01 6.213123e-03 1.195251e-01
-5.934044e-01 8.750721e-02 -8.229574e-02
-7.686351e-01 1.099739e-01 3.296059e-02
5.904079e-01 -6.823878e-02 7.396971e-02
3.361734e-01 -1.021223e-01 -4.119412e-02
-9.978162e-01 -1.029349e-01 3.588136e-02
-8.949331e-01 -1.169603e-01 4.544970e-02
2.687715e-01 -3.179927e-02 -1.103268e-01
1.423086e-01 8.124173e-02 7.638830e-02
8.767804e-01 1.036830e-02 -9.799635e-02
-9.677137e-01 -1.133032e-01 -5.910185e-02
-5.316615e-01 5.593063e-02 1.029921e-01
6.838745e-01 3.224507e-02 -1.078026e-01
7.262059e-01 3.954600e-02 1.050405e-01
4.738574e-01 5.591754e-02 -9.841927e-02
6.200141e-01 -4.663734e-02 -9.705800e-02
-3.876237e-01 -1.014407e-01 5.686826e-02
1.459489e-01 1.162263e-01 -1.296483e-02
-6.244160e-01 -8.754649e-02 8.262617e-02
7.368294e-01 -9.948681e-03 1.098775e-01
-3.754768e-01 -1.180482e-01 1.638780e-02
-5.402257e-02 -2.844392e-03 1.123225e-01
-5.531084e-01 1.093709e-01 -4.382417e-02
7.754206e-01 1.017946e-01 -6.843226e-02
9.838986e-01 -5.632392e-02 -1.398244e-02
8.774248e-01 4.096165e-02 -8.752937e-02
-7.024918e-01 -1.114812e-01 5.295634e-02
6.102005e-01 1.079422e-01 -1.383715e-02
-3.797053e-02 -7.150264e-02 -9.245890e-02
6.998766e-01 -1.014800e-01 -4.284611e-02
9.224866e-01 -5.256204e-02 -1.415435e-02
3.001974e-01 1.096855e-01 3.100463e-02
-4.659311e-01 -1.127527e-01 -1.826449e-02
-3.624538e-01 3.872029e-02 1.080536e-01
6.842384e-01 -8.754649e-02 6.206219e-02
-3.141971e-01 2.411827e-03 -1.193137e-01
-1.107011e-01 3.843186e-02 -1.119128e-01
-8.715672e-01 9.483447e-02 -7.496100e-02
-9.096449e-01 -4.718786e-02 -6.030446e-02
4.159050e-01 7.542190e-02 -8.737070e-02
2.676134e-01 6.977253e-02 -9.319902e-02
8.668502e-01 -5.928628e-02 1.003885e-01
-4.893632e-01 1.025418e-01 5.483304e-02
9.730090e-01 1.571615e-02 -6.235291e-02
-2.725950e-01 -5.735937e-02 -1.050008e-01
5.941984e-01 1.389426e-02 -1.071154e-01
9.248371e-01 -1.765614e-02 -6.096518e-02
-7.040138e-01 -9.066621e-02 -9.064823e-02
6.651579e-01 1.128576e-01 1.322003e-04
9.028278e-01 8.493816e-02 -4.776255e-02
-3.617907e-01 1.108521e-01 3.255090e-02
3.194276e-01 -1.070378e-01 -1.299130e-02
2.343850e-01 1.119007e-01 1.760364e-02
7.124694e-01 -2.123404e-03 -1.152035e-01
-3.318802e-02 -3.948040e-02 1.068246e-01
2.560794e-01 6.641689e-02 9.474529e-02
8.875693e-01 -3.076382e-02 1.148599e-01
-2.656865e-02 4.165631e-02 1.049083e-01
-1.905978e-01 -7.316730e-02 8.104034e-02
9.958124e-01 3.951982e-02 -9.608038e-03
2.058706e-01 5.122508e-02 -1.057277e-01
2.840802e-01 2.905989e-02 -1.124414e-01
9.019502e-01 5.312566e-02 6.033093e-02
9.963432e-01 -2.415755e-02 -1.345379e-02
3.783898e-01 7.079489e-02 8.628706e-02
1.727414e-01 1.042851e-01 4.399593e-02
-7.946997e-01 9.167548e-02 7.263490e-02
-3.630494e-01 -3.634773e-02 -1.136573e-01
-2.099589e-01 -1.373689e-02 -1.169613e-01
-7.707037e-01 1.131066e-01 -3.182401e-02
-2.098265e-01 -1.094102e-01 -4.054664e-02
-4.281922e-02 8.978827e-03 -1.172124e-01
9.065996e-01 3.538759e-04 5.997403e-02
5.058033e-02 -1.023451e-01 2.121159e-02
-3.156371e-01 7.611656e-02 -9.311961e-02
2.416164e-01 -8.783491e-02 6.498282e-02
6.812183e-02 1.061773e-03 1.114634e-01
-1.088808e-01 7.897404e-02 8.316805e-02
8.646162e-01 -1.074178e-01 -5.053790e-02
-4.959833e-01 8.520025e-02 7.794780e-02
-5.180509e-02 -9.041706e-02 6.745421e-02
-8.992688e-01 -2.204723e-02 6.830006e-02
7.872935e-02 -1.090039e-01 1.837022e-02
2.434535e-01 -1.122153e-01 -1.793406e-02
-8.941973e-02 1.153349e-01 -1.049345e-02
-2.932968e-01 -2.185059e-02 1.122828e-01
6.960544e-01 1.076931e-01 4.451135e-02
-9.717185e-01 1.625358e-02 -1.232521e-01
-6.620305e-01 1.146795e-01 -3.105756e-02
7.843064e-01 2.780147e-02 1.116881e-01
-4.381791e-01 -3.149790e-02 -1.160891e-01
3.516462e-01 -2.338420e-02 1.066793e-01
1.937582e-01 -4.967796e-03 1.106440e-01
7.970992e-01 -1.120055e-01 -6.052873e-03
2.932479e-01 -1.009688e-01 5.057746e-02
-9.924866e-01 -9.948681e-03 8.967032e-02
-6.746565e-01 -2.765705e-03 -1.220098e-01
-8.988718e-01 -1.034197e-02 2.326005e-02
-6.411964e-01 -1.034593e-01 -6.400491e-02
5.175783e-01 6.660044e-02 -7.737944e-02
-7.217537e-01 -2.600576e-02 -1.204767e-01
2.502044e-01 1.103278e-01 -1.950680e-02
3.399798e-01 9.461165e-02 6.167882e-02
-4.140680e-01 1.074965e-01 4.254216e-02
-9.035383e-01 5.506565e-02 1.058864e-01
7.370783e-01 -5.188033e-02 -1.019083e-01
-8.172212e-01 -1.229242e-01 -1.350672e-02
1.538184e-02 6.615479e-02 9.130909e-02
8.345813e-01 -5.773957e-02 1.004545e-01
-7.984226e-01 1.553274e-02 -1.210449e-01
-2.620205e-01 -9.045647e-02 7.055998e-02
-9.543427e-01 -1.262799e-01 1.527769e-02
8.742486e-01 9.108568e-02 8.661749e-02
-3.115502e-01 -2.713299e-02 -1.161154e-01
-5.279386e-01 -7.024437e-02 -9.765269e-02
5.397043e-01 6.534202e-02 7.200052e-02
-4.764222e-01 1.151120e-01 -1.654632e-02
4.101293e-01 -8.331277e-02 6.927811e-02
3.478571e-01 2.976764e-02 1.064018e-01
-8.231796e-01 -3.346407e-02 1.153490e-01
1.193974e-02 -4.596886e-02 -1.069303e-01
8.972506e-01 -4.081751e-02 -1.127322e-01
8.991868e-01 1.036036e-01 7.518555e-02
-8.493923e-01 1.110225e-01 -4.229113e-02
-9.125579e-01 3.520741e-02 6.119045e-03
-2.844111e-01 -9.644663e-02 -7.188155e-02
-5.363612e-01 5.053027e-02 -1.114238e-01
6.306549e-01 -9.712820e-02 4.295185e-02
5.423022e-01 -5.957455e-02 7.981126e-02
-9.880847e-01 -7.164678e-02 -1.010757e-01
-8.998327e-01 1.566379e-02 -7.457763e-02
6.037301e-01 -9.645972e-02 -3.586813e-02
-9.138814e-01 -5.718905e-02 -2.694742e-02
-8.568223e-01 -1.163836e-01 4.332198e-02
2.051096e-01 -1.013490e-01 -5.492554e-02
5.255061e-01 5.112078e-03 9.580246e-02
-9.010763e-03 -1.117696e-01 1.953313e-02
-7.436070e-02 -8.691728e-02 -7.718121e-02
-1.548520e-01 5.264073e-02 1.021197e-01
2.244880e-01 -6.112140e-02 -9.489058e-02
-3.979997e-01 7.851530e-02 8.402714e-02
-1.680576e-01 -9.305171e-02 6.524722e-02
8.357063e-01 -1.135523e-01 -2.643142e-03
7.410817e-01 9.099390e-02 7.303136e-02
-4.677681e-01 -1.170389e-01 2.676228e-02
-9.352290e-01 -4.347835e-02 -1.180978e-01
9.061867e-01 5.805418e-02 -4.094309e-02
8.762338e-01 -6.648234e-02 -9.974085e-02
5.349212e-01 9.541118e-02 -1.863448e-02
4.781930e-01 -8.563282e-02 -6.366125e-02
-5.929901e-01 1.067493e-01 4.395622e-02
-1.881969e-01 -6.193402e-02 -1.007585e-01
2.049773e-01 -5.638938e-02 9.793032e-02
2.033230e-01 1.085058e-01 -3.855097e-02
-8.085167e-01 1.153743e-01 1.017625e-02
8.211110e-01 1.192672e-01 2.216318e-02
7.576146e-01 1.160951e-01 -2.889014e-02
3.940610e-01 -6.272046e-02 -9.255139e-02
7.492079e-01 7.044101e-02 9.380694e-02
-4.745032e-01 -2.840450e-02 -1.171727e-01
-5.037772e-01 -1.177205e-01 2.429090e-02
-1.968446e-02 7.917068e-02 -9.004031e-02
1.044788e-01 5.185414e-02 1.004017e-01
2.274182e-01 2.331860e-02 -1.167895e-01
-1.514110e-01 -8.795287e-02 -8.055123e-02
-2.171242e-01 6.401815e-02 -1.008246e-01
1.830844e-01 1.149679e-01 -6.304039e-03
9.013216e-01 -9.177851e-05 9.893470e-02
-9.935957e-01 6.725583e-02 5.118538e-02
1.600982e-01 -7.729629e-02 -8.450286e-02
9.756148e-02 -5.502623e-02 9.848530e-02
-9.914781e-01 -1.044684e-02 -8.771436e-02
5.515189e-01 8.297198e-02 -6.512826e-02
-5.925930e-01 -1.154397e-01 -3.681971e-02
-6.222309e-01 -6.708537e-02 1.010361e-01
2.130042e-01 6.683636e-02 9.405796e-02
-1.002755e-01 -1.167112e-01 2.696079e-03
-3.586475e-01 -7.382269e-02 8.992134e-02
1.584929e-01 -4.695180e-02 1.039304e-01
7.195527e-01 1.373689e-02 1.123225e-01
-7.111791e-01 1.074309e-01 3.496948e-02
-9.938934e-01 -6.783254e-02 9.708447e-02
8.949662e-01 1.096724e-01 4.692994e-02
3.012893e-01 7.055897e-02 8.739717e-02
-8.474389e-01 7.361295e-02 -9.660875e-02
-8.448409e-01 -1.158723e-01 -4.607085e-02
3.319543e-01 1.091873e-01 -3.502228e-02
-3.693702e-01 6.190784e-02 -1.014193e-01
-5.914508e-01 -1.045603e-01 5.964360e-02
-9.348651e-01 1.043769e-01 -6.039696e-02
-9.821277e-01 3.752747e-02 -7.612389e-02
8.421767e-01 3.234993e-02 1.151640e-01
-4.847879e-02 -1.049536e-01 -4.763035e-02
7.554468e-01 1.150072e-01 3.712367e-02
8.979295e-01 -1.026859e-01 4.735286e-02
-5.813898e-01 -6.037423e-02 -1.092432e-01
9.005275e-01 -9.613203e-02 -4.435282e-02
-7.439616e-01 -1.012310e-01 5.807101e-02
-9.282622e-01 -5.869634e-02 2.472706e-02
9.027285e-01 -3.321492e-02 4.953338e-02
-9.493610e-01 -1.550641e-02 8.456889e-02
-4.320395e-01 8.061337e-03 1.151243e-01
-6.861747e-01 3.485354e-02 -1.157982e-01
-9.436688e-01 -4.423861e-02 1.149921e-01
-9.551698e-01 6.083297e-02 -7.810604e-03
-5.086422e-01 2.641214e-02 -1.203445e-01
6.026382e-01 -1.012179e-01 2.562570e-02
9.642714e-01 -3.567925e-02 -4.687700e-02
-7.850357e-01 -1.073391e-01 -6.227366e-02
-8.965558e-01 1.551950e-02 -3.753336e-02
-3.681461e-01 4.142082e-03 -1.193798e-01
-2.453897e-01 -3.946731e-02 1.082783e-01
-6.161905e-01 -1.149941e-01 2.747593e-02
-2.758720e-01 7.576268e-03 1.138555e-01
-1.256112e-01 -1.070114e-01 -4.052017e-02
-9.875063e-01 9.109877e-02 -7.784207e-02
-6.451005e-01 -5.072692e-02 -1.119657e-01
6.420566e-01 -1.055303e-01 -1.308380e-02
-4.172284e-01 9.509658e-02 -7.235741e-02
-6.928940e-01 -2.019902e-02 1.165383e-01
-2.903507e-01 1.012441e-01 -5.472731e-02
-6.049873e-01 1.178123e-01 -7.123421e-03
1.343488e-01 -1.110486e-01 3.264296e-03
6.323264e-01 1.036036e-01 3.523374e-02
6.295458e-01 7.525143e-02 8.022095e-02
2.724958e-01 -1.012441e-01 2.073588e-02
1.950486e-01 -7.484520e-02 7.807986e-02
4.027986e-01 -1.052944e-01 2.659052e-02
7.274128e-01 1.192279e-01 1.441860e-02
-8.404232e-01 1.063824e-01 4.974484e-02
8.693331e-01 1.248904e-01 -1.949357e-02
8.882814e-01 -9.643354e-02 -7.652079e-03
-8.976807e-01 9.529350e-03 5.776691e-02
1.560272e-01 2.683147e-02 1.080933e-01
-9.102577e-01 -6.095022e-03 1.213489e-01
-4.690757e-01 1.011914e-02 1.153885e-01
6.890373e-01 -9.647310e-03 1.124150e-01
-3.972718e-01 -2.189001e-03 -1.198026e-01
8.435174e-01 -1.894060e-02 -1.192079e-01
3.059069e-01 -7.062443e-02 -8.219000e-02
-2.800423e-01 1.126348e-01 -2.492529e-02
8.292689e-01 -2.322682e-02 1.130493e-01
4.265285e-01 -1.018470e-01 -4.030871e-02
-7.062637e-01 7.614288e-02 -9.356900e-02
5.315292e-01 4.650629e-02 -8.805802e-02
-8.999478e-01 -1.248380e-01 1.534372e-02
-6.521018e-01 -9.278962e-02 7.478909e-02
9.380255e-01 1.558510e-02 -6.085945e-02
3.614440e-01 5.123817e-02 9.847207e-02
1.787314e-01 4.343908e-02 -1.081330e-01
7.382032e-01 -1.086893e-01 -8.392199e-03
4.558355e-01 -4.876018e-03 1.084766e-01
-2.897883e-01 -1.176943e-01 -9.898764e-03
-3.908675e-01 -7.877739e-02 -9.054250e-02
-6.192690e-01 9.846530e-02 -6.811506e-02
6.935054e-01 -4.562793e-02 9.881573e-02
3.516462e-01 -9.486066e-02 5.328677e-02
8.802717e-01 -5.846014e-03 -7.727371e-02
1.268432e-02 -8.976167e-02 -7.445866e-02
2.380748e-01 -5.374163e-02 9.861750e-02
1.781201e-01 -1.028301e-01 3.171828e-02
-5.873309e-01 -1.060939e-01 -6.187720e-02
6.031093e-02 -9.060061e-02 6.851152e-02
-2.165617e-01 7.673268e-02 8.846772e-02
-6.494377e-01 -1.101312e-01 5.131758e-02
-8.081542e-01 1.104327e-01 -4.250259e-02
2.724296e-01 -9.158370e-02 6.461284e-02
1.293015e-01 -1.677792e-02 -1.134590e-01
-1.694817e-01 7.589373e-02 8.804479e-02
-9.441745e-02 -1.015718e-01 5.861276e-02
5.327375e-01 -3.944113e-02 -8.972312e-02
-1.003086e-01 -9.016805e-02 -7.402265e-02
7.259398e-01 -1.044162e-01 2.570511e-02
7.562567e-01 9.581712e-03 -1.180581e-01
-4.134394e-01 -1.093840e-01 -4.570086e-02
1.489281e-01 6.819950e-02 -9.560423e-02
-6.629080e-01 1.174453e-01 4.414107e-03
-4.259171e-01 -1.147058e-01 2.456853e-02
8.208952e-01 1.114550e-01 -5.590359e-02
-5.731988e-01 5.186724e-02 1.062828e-01
4.989941e-01 7.692932e-02 7.130010e-02
-4.615292e-01 -4.447453e-02 1.089127e-01
-9.191780e-01 -5.635011e-02 1.097718e-01
-4.849944e-01 -9.617144e-02 -7.262167e-02
2.144269e-01 7.213185e-02 -9.252493e-02
-4.131085e-01 -7.695551e-02 8.852051e-02
-3.386405e-01 9.685301e-02 -6.541898e-02
-3.181689e-01 1.028695e-01 5.232195e-02
7.697773e-01 6.317921e-02 -1.037320e-01
-9.588280e-01 2.885015e-02 1.169215e-01
5.461575e-01 -9.710202e-02 -1.718028e-03
-9.546073e-01 7.295771e-02 1.678425e-02
3.555360e-01 1.134737e-01 1.009699e-02
-1.774080e-01 -3.951982e-02 1.076837e-01
4.372527e-01 1.142076e-01 4.136616e-03
-5.827967e-01 8.265738e-02 8.037948e-02
7.871043e-01 -4.506432e-02 -1.065735e-01
3.795384e-02 1.035642e-01 3.798261e-02
8.789813e-01 8.227717e-02 -9.693903e-02
-5.571794e-01 -3.849732e-02 1.111462e-01
-6.536410e-01 -8.645853e-02 -8.619456e-02
-9.522410e-01 1.063955e-01 5.233519e-02
-3.018028e-01 -6.501433e-02 9.719020e-02
8.716333e-01 -5.121185e-02 -4.891222e-02
-5.172317e-01 -6.344174e-03 -1.204767e-01
-5.415902e-01 -1.118876e-01 -2.834825e-02
-9.564285e-01 7.538262e-02 -9.642361e-02
5.956542e-01 8.405994e-02 6.510179e-02
9.710066e-01 -5.114639e-02 1.497373e-02
3.202878e-01 8.432204e-02 7.485526e-02
5.553583e-01 -8.720570e-02 -4.399593e-02
7.948148e-01 -1.071032e-01 -3.512801e-02
3.922571e-01 -1.082829e-01 -1.226441e-02
-7.210999e-02 5.640261e-02 -1.037189e-01
9.375954e-01 4.260041e-03 5.789911e-02
-5.220637e-01 2.979382e-02 1.118863e-01
-5.730651e-01 1.160297e-01 1.414068e-03
8.526362e-01 3.933626e-02 -1.164855e-01
-9.955981e-01 8.593433e-02 -1.777554e-02
3.939445e-01 -9.500480e-02 5.154227e-02
8.793453e-01 -7.698169e-02 8.651176e-02
-2.527204e-01 -1.123202e-01 2.555967e-02
-9.285442e-01 4.499886e-02 2.878441e-02
-1.588237e-01 2.181131e-02 1.112388e-01
6.309857e-01 4.887870e-02 -9.985981e-02
4.011429e-01 -2.241420e-02 -1.110141e-01
6.554766e-01 -2.320050e-03 1.091902e-01
2.021650e-01 -5.950882e-03 -1.152168e-01
4.873449e-01 2.970219e-02 -1.058467e-01
-1.881969e-01 9.250133e-02 5.283738e-02
8.757864e-01 1.207223e-02 -1.235560e-01
6.600770e-01 3.957218e-02 1.020537e-01
6.080154e-01 8.814951e-02 -7.015028e-02
7.757846e-01 -3.177309e-02 1.067057e-01
7.555460e-01 -9.517526e-02 -6.006653e-02
-3.138001e-01 -8.967003e-02 7.292563e-02
-6.967823e-01 -1.109963e-01 -7.407544e-02
2.754577e-01 8.761208e-02 -7.673182e-02
9.007750e-01 3.300532e-02 -5.590359e-02
3.062378e-01 8.121555e-02 -7.983759e-02
-7.432668e-01 -1.075227e-01 -5.627357e-02
5.039002e-03 -1.043113e-01 4.571396e-02
-7.561840e-02 7.301007e-02 8.754260e-02
8.828697e-01 2.204723e-02 1.190362e-01
8.691346e-01 -1.271453e-02 1.170538e-01
9.054919e-01 -2.570425e-02 9.310652e-02
5.775000e-01 -8.444000e-02 4.888590e-02
-9.592581e-01 -7.379651e-02 -1.375789e-02
-3.142647e-01 3.591517e-02 -1.173842e-01
-7.769426e-01 7.763708e-02 8.713291e-02
-3.270057e-01 1.171045e-01 -2.934011e-03
-7.240049e-01 -1.170651e-01 -3.240560e-02
2.128719e-01 -1.099476e-01 -2.393414e-02
-5.920133e-01 1.026336e-01 -5.914142e-02
-7.382521e-01 1.262275e-02 -1.203181e-01
-2.719333e-01 4.845923e-02 -1.117410e-01
-7.383513e-01 1.122022e-01 -8.828215e-03
-9.838986e-01 -5.608801e-02 -7.411514e-02
2.692692e-01 -1.090301e-01 -7.942804e-03
-9.570729e-01 4.396327e-02 3.639679e-02
-8.295997e-01 -1.093447e-01 5.681547e-02
5.697234e-01 4.126316e-02 -9.802282e-02
-6.733661e-01 9.166239e-02 7.266137e-02
-5.593804e-01 -7.412421e-02 -9.278933e-02
5.174129e-01 -8.780873e-02 -3.914566e-02
-9.738533e-01 6.692814e-02 -3.344954e-02
-1.899519e-01 -1.040885e-01 -5.488583e-02
-6.032999e-01 1.118092e-02 -1.201067e-01
-7.442105e-01 -5.409565e-02 -1.107365e-01
6.460111e-01 1.011261e-01 -4.885943e-02
-9.372646e-01 -8.852957e-02 -9.117689e-02
-8.222863e-01 -6.861898e-02 -1.036395e-01
2.452904e-01 7.939351e-02 -8.726497e-02
4.097323e-01 -3.473602e-03 1.091902e-01
2.848901e-01 -5.262749e-02 9.722990e-02
2.320014e-01 -1.009164e-01 3.236590e-02
8.881980e-01 1.047177e-01 -2.557291e-02
-4.100790e-01 -9.432322e-02 -7.567465e-02
3.537982e-01 9.306494e-02 -6.798286e-02
-5.344580e-01 8.959135e-02 -7.907114e-02
-8.618370e-01 -5.161823e-02 -1.137233e-01
-3.420814e-01 1.376307e-02 1.138159e-01
4.454609e-01 -5.011080e-02 -9.988628e-02
-6.205924e-01 5.881444e-02 -1.078951e-01
-4.181549e-01 -1.067231e-01 4.786829e-02
-2.355761e-01 -6.190784e-02 9.983334e-02
-2.331263e-01 -4.771149e-03 -1.185340e-01
-4.497132e-01 -8.273592e-02 8.337952e-02
-6.681039e-01 1.032103e-01 -5.924715e-02
5.956621e-02 -1.082173e-01 -3.500904e-02
1.256940e-01 1.081126e-01 3.418966e-02
-9.885148e-01 5.730701e-02 -6.048945e-02
-8.868903e-01 5.589136e-02 -1.092167e-01
-1.238736e-01 -1.138799e-01 9.819501e-03
-1.624488e-01 -6.099020e-02 1.001505e-01
-2.501886e-01 1.138407e-01 -2.669625e-02
3.092501e-01 1.150989e-01 8.590427e-03
4.384265e-01 -1.087811e-01 2.061691e-03
3.152904e-01 -1.040229e-01 2.474029e-02
-7.464934e-01 1.011000e-01 -5.245415e-02
-9.493783e-01 4.107961e-02 -5.060392e-02
-9.750114e-01 1.192803e-01 4.586011e-03
5.801483e-01 5.139540e-02 8.951166e-02
-7.439788e-01 2.532419e-02 1.149393e-01
8.852533e-01 4.650629e-02 -1.178467e-01
-9.885148e-01 3.329360e-02 -1.173313e-01
-6.765848e-02 5.274545e-02 1.011549e-01
-9.935467e-01 5.361086e-03 -1.198026e-01
4.289941e-01 1.098952e-01 -3.125579e-02
9.493122e-01 -4.292782e-02 3.798261e-02
3.151077e-01 -7.585446e-02 7.426043e-02
1.243205e-01 9.353678e-02 6.495650e-02
-6.903277e-01 -1.183890e-01 2.331299e-02
4.164423e-02 -1.125692e-01 -9.911998e-03
-7.935417e-01 -1.212857e-01 1.992973e-02
6.787117e-01 -2.823403e-02 -1.087674e-01
-9.796952e-01 1.071295e-01 -5.612814e-02
-6.040120e-01 4.843305e-02 1.070360e-01
-9.204180e-01 7.141086e-02 9.532674e-02
6.722081e-01 7.420289e-02 8.336629e-02
6.895509e-01 1.002610e-01 -5.171403e-02
-3.984788e-01 -5.013698e-02 -1.092564e-01
-3.552130e-02 1.150859e-01 5.154227e-03
-1.029398e-01 1.093709e-01 3.314558e-02
-7.515742e-01 7.336394e-02 -9.031794e-02
1.560114e-01 9.090213e-02 -7.485526e-02
-7.360511e-01 1.043244e-01 4.147175e-02
3.510758e-02 1.143650e-01 -1.912343e-02
-9.190284e-01 5.056969e-02 -3.654208e-02
6.194848e-01 1.879646e-02 1.062431e-01
5.978393e-01 -1.031185e-01 -4.889539e-04
-1.634241e-01 6.829128e-02 -9.581569e-02
-4.598734e-01 3.940186e-02 -1.134326e-01
7.667729e-02 9.208186e-02 -6.830006e-02
-6.266831e-01 6.363809e-02 9.366151e-02
-8.940067e-01 1.168030e-01 1.465653e-02
-9.659602e-01 -6.455558e-02 5.549389e-02
-2.840126e-01 1.154661e-01 7.982507e-03
3.270230e-01 -3.659674e-02 1.028201e-01
-5.205906e-01 -1.107604e-01 4.225143e-02
6.965666e-01 -9.723307e-02 4.225143e-02
-9.957966e-01 -8.572460e-02 -7.693019e-02
7.252291e-01 7.509420e-02 -8.793906e-02
8.806687e-01 -9.522762e-02 1.835699e-02
-4.664605e-01 -4.915433e-03 -1.202388e-01
-8.577991e-01 -9.715453e-02 -7.933540e-02
8.742486e-01 9.766577e-02 -7.887292e-02
5.375033e-01 -1.044684e-02 -1.021990e-01
-7.300770e-01 -8.229027e-02 8.709321e-02
8.780204e-01 6.392637e-02 1.064018e-01
-2.941240e-01 9.155752e-02 5.727795e-02
6.617155e-01 2.266321e-02 -1.087145e-01
-9.326152e-01 -7.383578e-02 9.991261e-02
9.719674e-01 5.446262e-02 3.455979e-02
1.041478e-01 -9.465092e-02 -6.344979e-02
9.087026e-01 6.286474e-02 8.361745e-02
-8.067805e-01 -1.019649e-01 -7.111510e-02
-9.975012e-01 1.021092e-01 2.725138e-02
-1.244033e-01 6.383459e-02 -1.026749e-01
1.326774e-01 -4.228553e-02 -1.073929e-01
3.126831e-02 9.665636e-02 -6.604014e-02
-5.495510e-01 1.167505e-01 -1.181502e-02
-8.599008e-01 -9.349737e-02 8.033977e-02
1.637219e-01 -1.077455e-01 -2.275786e-02
7.937402e-01 -9.954003e-02 5.170080e-02
-6.137753e-01 2.397399e-02 1.144106e-01
-9.996864e-01 4.219374e-02 -9.224744e-02
-9.153796e-02 -1.092004e-01 -3.368747e-02
5.460913e-01 7.877754e-02 5.314133e-02
3.940438e-01 1.132901e-01 1.139209e-02
4.343145e-02 5.600932e-02 9.980702e-02
-9.186803e-01 -2.182441e-02 8.374951e-02
-4.118498e-01 1.136178e-01 -2.464779e-02
9.016352e-01 -6.337585e-02 5.220255e-03
1.080697e-01 -7.253824e-02 8.337952e-02
4.469829e-01 5.756911e-02 -9.987304e-02
3.189141e-01 -1.238683e-02 1.090317e-01
1.213913e-01 -1.677792e-02 1.097718e-01
6.351719e-01 -2.909916e-02 1.049348e-01
-8.064323e-01 9.438882e-02 -7.411514e-02
-8.064985e-01 4.393709e-02 1.091374e-01
-7.015151e-01 1.168161e-01 -1.555518e-02
9.069477e-01 1.199357e-01 -1.625531e-03
-3.060896e-01 6.371664e-02 9.810208e-02
5.610757e-02 -6.552558e-02 8.902270e-02
5.212034e-01 5.350571e-02 8.123856e-02
-3.806979e-02 8.689109e-02 6.975383e-02
9.345501e-01 4.789562e-02 3.938359e-02
2.733230e-01 -9.337941e-02 -5.709296e-02
-3.858197e-01 -6.563045e-02 9.601392e-02
-8.496822e-02 -2.671351e-02 -1.140802e-01
-4.992099e-01 1.149024e-01 -2.323373e-02
-9.900382e-01 -1.163441e-01 -4.075810e-02
-8.948008e-01 -2.846995e-02 -5.804454e-02
-2.105055e-01 -1.139717e-01 1.086358e-02
-8.959761e-01 -1.069852e-01 -6.811506e-02
5.679022e-01 -1.276689e-02 -1.041550e-01
-6.494456e-02 -1.137095e-01 -1.406185e-02
-9.689048e-01 -3.090796e-02 -8.290380e-02
8.241232e-01 7.662781e-02 -9.604039e-02
7.238395e-01 -4.384531e-02 1.009434e-01
5.474651e-01 -8.763827e-02 4.268759e-02
1.965044e-01 8.423026e-02 -8.189928e-02
-8.406879e-01 -1.236321e-01 1.014993e-02
-5.355167e-01 1.051372e-01 5.178021e-02
-2.161474e-01 -7.072929e-02 8.970988e-02
-4.865005e-01 7.547426e-02 -9.281565e-02
-2.592729e-01 7.259059e-02 9.109763e-02
7.736987e-01 -8.405980e-02 -7.696974e-02
1.175762e-02 -1.074309e-01 -4.009724e-02
-3.853565e-01 1.103147e-01 3.306632e-02
-7.319139e-01 -2.764424e-02 1.155340e-01
4.676516e-01 1.128183e-01 -3.171799e-03
5.008390e-02 -1.403840e-02 1.106837e-01
-5.949594e-01 -4.173500e-02 -1.140009e-01
-1.280026e-02 -9.971050e-02 -5.965684e-02
-4.499117e-01 8.099272e-02 -8.627383e-02
-4.297724e-01 1.115075e-01 2.380194e-02
-3.884839e-01 1.185595e-01 -7.718106e-03
3.942926e-01 -9.005009e-02 -6.444108e-02
-8.987394e-01 1.596516e-02 2.701345e-02
-5.732478e-01 1.097642e-01 3.161255e-02
1.388500e-01 -9.555532e-02 5.812381e-02
4.560182e-01 1.119269e-01 1.852875e-02
-1.718560e-02 5.176251e-02 -1.069700e-01
6.153806e-01 -1.034724e-01 -1.679749e-02
-9.882170e-01 -9.094140e-02 1.291204e-02
9.621538e-01 -5.481650e-02 -2.251993e-02
-4.535037e-01 7.869885e-02 8.524298e-02
4.655009e-01 1.080995e-01 -3.520727e-02
5.146668e-01 9.744295e-02 -3.186371e-02
8.953553e-02 -1.896692e-02 -1.141331e-01
-3.757256e-01 5.809345e-02 1.001505e-01
7.125198e-01 9.183271e-02 7.118113e-02
-4.650866e-01 -4.868206e-02 -1.103533e-01
8.843255e-01 -2.401341e-02 -6.255115e-02
-5.948350e-02 1.023451e-01 4.875370e-02
-9.880027e-01 -8.830674e-02 -3.880200e-02
-6.703869e-01 6.704610e-02 9.199627e-02
1.063654e-01 1.121497e-01 1.969180e-02
-3.675002e-01 -9.431014e-02 -7.534422e-02
6.595649e-01 -7.125363e-02 7.913717e-02
1.191904e-01 -1.079814e-01 3.204871e-02
-2.615242e-01 -9.742971e-02 -6.755994e-02
4.516825e-01 -7.877739e-02 7.272740e-02
4.569446e-01 9.944839e-02 5.302237e-02
8.115132e-01 -1.112453e-01 1.613663e-02
-9.827405e-01 1.604385e-02 8.460859e-02
2.838644e-01 -4.764661e-02 -1.025162e-01
-9.775431e-01 1.422195e-02 -9.083337e-02
5.102477e-01 -6.072810e-02 -8.109313e-02
-9.554266e-02 8.942088e-02 -7.648080e-02
-9.971704e-01 -4.136804e-02 8.610207e-02
-2.906658e-01 -9.946149e-02 6.282864e-02
-6.869529e-01 -7.365237e-02 -9.722990e-02
-4.905054e-01 -4.245599e-02 1.096528e-01
1.289208e-01 5.026817e-02 -1.067585e-01
-9.968064e-01 -8.360105e-02 5.759515e-02
1.946343e-01 -1.109307e-01 -4.519839e-03
-4.064223e-01 1.113763e-01 2.106630e-02
-6.210398e-01 -9.695788e-02 -7.324282e-02
-5.850307e-01 -1.520519e-03 1.168291e-01
-3.582835e-01 -1.131722e-01 -3.563020e-02
-1.469257e-01 1.052682e-01 -4.521177e-02
2.693023e-01 4.625714e-02 -1.080933e-01
3.156874e-01 5.237849e-02 -1.043929e-01
-8.708551e-01 1.065921e-01 -5.439688e-02
1.617525e-01 4.824964e-02 1.017497e-01
-4.943275e-01 -3.748791e-03 -1.205032e-01
-8.038171e-01 -6.947101e-02 9.892146e-02
2.783707e-01 -2.148362e-02 1.080669e-01
2.420624e-01 7.314169e-03 1.104855e-01
-5.016424e-01 8.870003e-02 -8.147635e-02
9.425928e-01 5.109388e-02 -4.079766e-02
6.146024e-01 -8.594743e-02 -6.265688e-02
3.552540e-01 1.042195e-01 4.506647e-02
8.555981e-01 -9.501789e-02 -6.759964e-02
2.257294e-01 -9.518835e-02 -6.285511e-02
-3.989089e-01 9.998582e-02 -5.945861e-02
-2.683082e-01 9.467710e-02 5.553345e-02
-9.028435e-01 -6.603669e-02 -1.077234e-01
6.720916e-01 9.950075e-02 5.406645e-02
-6.088929e-01 -3.641333e-02 1.122697e-01
8.847066e-01 1.024762e-01 2.766107e-02
-9.379263e-01 5.586518e-02 -2.363018e-02
4.391055e-01 -9.069239e-02 5.762162e-02
-8.419041e-02 1.071819e-01 -4.644084e-02
7.012504e-01 1.772159e-02 -1.133136e-01
-1.282590e-01 1.152432e-01 -3.105771e-03
8.321646e-01 5.155277e-02 1.078554e-01
-2.424436e-01 8.333895e-02 -8.107990e-02
-8.815793e-01 -8.943397e-02 8.632662e-02
-3.137181e-01 -1.153349e-01 2.944513e-02
-9.408896e-01 1.858672e-02 7.875395e-02
-9.006267e-01 -1.402561e-03 -1.245208e-01
9.026623e-01 5.720214e-02 1.068510e-01
-4.924416e-01 1.089514e-01 3.313235e-02
-4.094015e-01 2.697575e-02 1.118731e-01
5.967633e-01 -7.020495e-02 -7.386398e-02
-6.794726e-01 6.833056e-02 -1.015118e-01
-8.696482e-01 -4.583767e-02 1.131286e-01
5.502947e-01 -5.393828e-02 -8.874521e-02
4.552400e-01 1.051244e-02 -1.128114e-01
-8.224848e-01 -4.836746e-02 -1.140669e-01
4.550051e-04 6.999564e-03 -1.171992e-01
4.488860e-01 -2.723786e-02 -1.091771e-01
-8.958610e-01 -1.555892e-02 4.675804e-02
9.073116e-01 -1.131328e-01 -6.502267e-03
9.934474e-01 -3.305769e-02 3.159931e-02
6.381920e-02 -8.416466e-02 -6.873622e-02
5.270280e-01 -7.780740e-02 -5.714575e-02
-8.998816e-01 -9.989405e-02 7.530451e-02
1.198937e-02 4.436965e-02 -1.075779e-01
-8.963242e-01 1.171835e-02 1.200935e-01
-7.672455e-01 5.625833e-02 -1.069172e-01
-4.147959e-01 4.389782e-02 -1.131286e-01
3.950033e-01 9.353678e-02 -6.720318e-02
3.733909e-01 -9.935662e-02 4.317655e-02
1.479686e-01 -7.896095e-02 7.726047e-02
7.091767e-01 -5.312566e-02 -1.000977e-01
6.722570e-01 -1.057008e-01 -2.259919e-03
-8.139126e-01 9.877991e-02 6.311951e-02
-1.257603e-01 -1.022141e-01 5.045849e-02
1.439796e-01 1.439228e-02 -1.164855e-01
-4.926732e-01 -7.356059e-02 9.392590e-02
-4.192481e-01 5.025508e-02 1.060317e-01
2.315382e-01 -3.326743e-02 -1.104325e-01
6.888388e-01 1.125692e-01 -2.068294e-02
-8.228157e-01 7.184343e-02 9.306682e-02
1.202827e-01 -1.048093e-01 -1.636133e-02
-9.340206e-01 -1.198045e-02 -7.937510e-02
7.881789e-01 5.859161e-02 1.011681e-01
-5.712784e-01 -7.522525e-02 9.204921e-02
9.832038e-01 2.514063e-02 5.463481e-02
9.863642e-01 -2.175881e-02 5.187270e-02
4.244268e-01 8.464973e-02 7.403588e-02
1.629199e-02 7.927556e-02 -8.681572e-02
4.318740e-01 3.234993e-02 1.054634e-01
8.034200e-01 3.204842e-02 -1.162344e-01
-5.870583e-02 9.003700e-02 -7.926937e-02
-9.858348e-01 -1.235665e-01 -1.386348e-02
-6.841723e-01 -5.372854e-02 -1.121242e-01
4.945922e-01 -9.712763e-03 -1.067188e-01
5.971431e-01 9.761327e-02 -5.294311e-02
1.124220e-01 2.943994e-02 1.078291e-01
-7.834131e-01 -4.695180e-02 1.104590e-01
-5.156594e-01 -3.538774e-04 1.160891e-01
-2.352452e-01 3.017402e-02 1.095339e-01
5.232878e-01 -9.573888e-02 -2.101394e-03
-5.585863e-01 5.223434e-02 -1.095868e-01
-2.177859e-01 1.119138e-01 -3.384614e-02
-9.616403e-01 6.666590e-02 4.178880e-02
-5.589834e-01 -4.430363e-03 -1.208204e-01
8.755879e-01 -8.458414e-02 -8.509754e-02
-7.540319e-02 1.082704e-02 1.119788e-01
7.342472e-01 1.156233e-01 -1.784157e-02
-1.780035e-01 -1.102753e-01 -3.705750e-02
9.805885e-01 -2.219137e-02 -5.522950e-02
-4.571604e-01 1.550641e-02 -1.195781e-01
-9.081388e-01 1.095806e-01 -4.850253e-02
7.375904e-01 -8.755958e-02 6.626484e-02
3.016201e-01 -2.282058e-02 -1.116616e-01
8.718650e-01 1.245759e-01 7.308416e-03
-6.030842e-01 3.376558e-02 -1.171199e-01
4.662778e-01 8.367974e-02 -7.807986e-02
-6.613357e-01 -5.831628e-02 1.067188e-01
-7.239941e-03 -6.816024e-02 -9.198303e-02
2.868594e-01 1.056745e-01 5.048496e-02
-9.710066e-01 5.163132e-02 5.900921e-02
-3.063370e-01 5.590445e-02 -1.077629e-01
2.823993e-02 3.848437e-02 1.055162e-01
-4.571604e-01 -1.084140e-01 -4.726022e-02
-9.368675e-01 -2.038258e-02 1.205957e-01
6.670769e-01 6.390019e-02 -9.214170e-02
-6.637841e-01 -1.053599e-01 -6.261718e-02
-3.856701e-01 2.206032e-02 -1.178731e-01
6.027533e-01 7.038851e-02 -8.344554e-02
7.813776e-01 1.672542e-02 -1.175164e-01
9.010900e-01 -6.947101e-02 8.216368e-02
-5.662148e-01 1.201986e-02 1.159436e-01
-2.188461e-01 9.201627e-02 5.948508e-02
-7.785149e-01 -1.159772e-01 -4.292538e-02
2.919561e-01 8.970931e-02 7.184199e-02
-2.863142e-01 -4.439584e-02 1.077894e-01
1.143086e-01 -5.899785e-02 -9.954261e-02
3.393260e-02 3.827477e-03 -1.169480e-01
3.715553e-01 -1.088335e-01 -4.427342e-03
-9.342853e-01 -7.800405e-02 -3.141432e-02
7.548591e-02 -5.385959e-02 -1.032298e-01
-9.335244e-01 9.898965e-02 6.500930e-02
-7.469156e-02 7.652294e-02 -9.195671e-02
6.453494e-01 -8.335204e-02 -7.020322e-02
8.458759e-02 1.146271e-01 1.559503e-03
-5.879926e-01 -9.053502e-02 7.637507e-02
2.990221e-01 1.140110e-01 -1.155076e-02
1.942214e-01 8.134660e-02 8.533548e-02
-7.104670e-01 6.535511e-02 9.709770e-02
5.082783e-01 1.037084e-01 -3.970323e-05
6.155130e-01 1.074441e-01 2.144953e-02
-1.071267e-01 -3.539055e-03 -1.178599e-01
9.012554e-01 -5.286341e-02 -3.136152e-02
-3.380435e-01 1.597839e-02 -1.181111e-01
6.294796e-01 1.072081e-01 -2.454206e-02
-5.270769e-01 -7.125363e-02 9.663507e-02
3.041534e-01 -8.624879e-02 -5.758191e-02
-3.715129e-03 1.084796e-01 -3.882847e-02
-8.641531e-01 4.543143e-02 1.097453e-01
9.036218e-01 5.557732e-03 -1.178864e-01
9.960613e-01 2.000237e-02 3.007951e-02
-9.120775e-01 1.151384e-01 2.710594e-02
6.820454e-02 1.047046e-01 4.073163e-02
5.831275e-01 1.047308e-01 -1.067844e-02
6.410295e-01 -1.051895e-01 2.137026e-02
-3.237791e-01 7.584137e-02 8.697424e-02
4.486213e-01 -8.839852e-02 -6.551148e-02
-1.353584e-01 -1.109176e-01 3.120286e-02
7.702405e-01 1.205125e-01 -8.339261e-03
-3.951529e-01 -1.173535e-01 6.700496e-03
-8.690512e-01 1.151645e-01 -2.871824e-02
5.616633e-01 6.205198e-02 7.904468e-02
7.001413e-01 1.136440e-01 2.142306e-02
3.985953e-01 -9.993332e-02 -4.535720e-02
-5.894326e-01 6.365119e-02 9.745446e-02
-7.114611e-01 -1.133818e-01 -5.113258e-02
-7.231433e-01 9.208186e-02 6.452034e-02
-9.719013e-01 -4.587708e-02 7.036175e-02
-8.053326e-02 -1.131722e-01 2.799135e-02
5.749855e-01 6.241909e-02 -8.418566e-02
-3.058407e-01 -9.870122e-02 -6.641027e-02
-8.795596e-01 7.700787e-02 8.961739e-02
2.657937e-01 1.153874e-01 7.837073e-03
-1.195214e-01 7.951147e-02 -8.826935e-02
-2.913117e-01 7.664090e-02 8.542797e-02
-8.258596e-01 -7.871194e-02 9.293462e-02
6.945311e-01 -8.201508e-02 -7.571420e-02
-1.713015e-01 -1.146140e-01 1.671822e-02
2.892431e-01 -1.010475e-01 -2.602216e-02
7.239057e-01 -9.742971e-02 5.077568e-02
-1.335050e-01 -4.928509e-02 1.034810e-01
-4.984316e-01 -1.164490e-01 -2.180628e-02
4.068193e-01 5.945674e-02 -9.906690e-02
-9.881681e-01 1.638463e-02 1.180581e-01
-2.814650e-01 -6.920878e-03 -1.188380e-01
-4.668244e-01 -1.070247e-01 4.899163e-02
-3.333280e-01 8.472842e-02 -8.388171e-02
5.561869e-01 1.013751e-01 -3.498272e-02
3.606988e-01 1.249170e-02 1.093092e-01
-3.289751e-01 1.158199e-01 -2.451559e-02
-8.483336e-01 -7.183034e-02 9.885543e-02
1.675282e-01 1.080072e-02 -1.161816e-01
1.213086e-01 -1.056483e-01 -3.970079e-02
-7.029047e-01 -9.231778e-02 8.170105e-02
6.719923e-01 1.171835e-02 1.089657e-01
-6.910901e-01 -1.235534e-01 6.871824e-04
5.811251e-01 -9.411349e-02 -3.557740e-02
1.043795e-01 8.736307e-02 7.073188e-02
2.676717e-02 9.955326e-02 5.608858e-02
-9.121278e-01 7.991786e-02 -9.284212e-02
-2.572546e-01 -7.057206e-02 9.269683e-02
9.964094e-01 -1.414327e-02 -3.264339e-02
-7.860772e-01 -6.951029e-02 -1.024237e-01
-6.216023e-01 -3.120947e-02 -1.175296e-01
5.816876e-01 -3.282177e-02 -9.851177e-02
-6.471361e-01 -1.190313e-01 -7.889866e-03
8.399096e-01 -9.742971e-02 5.718545e-02
-8.956783e-01 -2.646451e-02 -1.222212e-01
8.393975e-01 -6.709846e-02 -9.737519e-02
5.726853e-01 2.563879e-02 9.459985e-02
8.317676e-01 3.389663e-02 -1.174899e-01
-9.603499e-01 3.815668e-02 -1.178599e-01
-3.964763e-01 -2.209960e-02 1.132608e-01
-1.130178e-01 -5.636277e-03 1.125471e-01
-3.131556e-01 -1.357966e-02 1.135515e-01
1.993685e-01 -1.046914e-01 3.508845e-02
2.756893e-01 -6.840925e-02 -9.212847e-02
7.102685e-01 1.152038e-01 -1.966533e-02
-9.229828e-01 6.041350e-02 -1.070625e-01
9.959131e-01 -5.990154e-03 1.308380e-02
3.443817e-01 -8.915878e-02 -6.630454e-02
-2.944721e-01 -1.108258e-01 3.789012e-02
-8.898695e-01 -1.169733e-01 -4.819857e-02
9.020495e-01 -7.390138e-02 -7.270107e-02
8.332406e-01 -1.076537e-01 -4.073163e-02
-6.725720e-01 -7.312803e-02 9.597436e-02
4.733452e-01 -9.867505e-02 -4.201350e-02
-9.161327e-01 -9.691861e-02 -8.208427e-02
4.667079e-01 2.609754e-02 1.055295e-01
-9.322009e-01 1.188085e-01 -3.198268e-03
-7.032528e-01 2.903371e-02 1.136440e-01
8.164272e-01 -1.058449e-01 3.798261e-02
2.760374e-01 7.151573e-02 8.824302e-02
-1.745784e-01 -8.538367e-02 -8.061741e-02
-1.871554e-01 2.402650e-02 1.108291e-01
-5.974912e-01 -6.893358e-02 -9.569673e-02
5.046453e-02 -2.265012e-02 -1.139084e-01
9.221636e-02 7.038836e-03 -1.159172e-01
-2.242074e-01 -4.215447e-02 1.075119e-01
8.993680e-01 4.379295e-02 8.127812e-02
-3.070570e-02 -3.258585e-02 -1.122300e-01
-5.214681e-01 -1.194377e-01 1.246264e-02
-7.563242e-01 1.142863e-01 2.484617e-03
-4.186022e-01 -1.887487e-03 -1.199613e-01
1.731385e-01 -3.480103e-02 -1.094546e-01
8.019974e-01 8.421717e-02 8.381568e-02
6.946303e-01 7.379651e-02 8.647205e-02
-4.356962e-01 -2.334478e-02 1.133798e-01
-4.865509e-01 -1.206698e-01 3.648928e-02
7.995145e-01 1.195031e-01 -2.406620e-02
-5.782121e-01 6.399197e-02 -1.022122e-01
-2.002115e-01 -1.058842e-01 4.527794e-02
-8.190424e-01 4.810563e-03 -1.223666e-01
4.561664e-01 -4.370117e-02 9.774533e-02
7.053783e-02 -3.565236e-03 -1.163269e-01
5.689940e-01 1.038526e-01 1.842302e-02
-2.426594e-01 -1.152956e-01 1.440537e-03
8.972003e-01 7.206626e-02 3.810158e-02
-3.699500e-01 -2.001546e-02 1.133665e-01
-4.038667e-02 5.929936e-02 -1.035075e-01
8.847901e-01 -2.202092e-03 7.477586e-02
7.486785e-01 3.852364e-02 1.053180e-01
-2.012875e-01 5.557732e-03 -1.183225e-01
-9.323994e-01 -1.011785e-01 7.431337e-02
-9.505536e-01 -5.157896e-02 4.593865e-02
-6.346756e-01 8.624894e-02 7.942789e-02
7.718963e-01 -1.041147e-01 3.426892e-02
-9.868763e-01 8.398125e-02 8.127798e-03
-1.422922e-01 -1.147189e-01 -1.744511e-02
2.313066e-01 -1.087941e-02 1.100228e-01
-9.962267e-01 8.108450e-02 7.416794e-02
8.825215e-01 1.217970e-01 -3.662148e-02
8.908132e-01 -1.435301e-02 -1.010889e-01
-9.505536e-01 7.117523e-03 -8.244117e-02
-3.539636e-01 6.224862e-02 9.774533e-02
-1.290699e-01 6.070193e-02 9.615936e-02
-9.881508e-01 6.595814e-02 -1.021330e-01
5.656192e-01 -7.467473e-02 -5.912818e-02
7.821889e-01 -7.143705e-02 -9.200951e-02
-1.348759e-03 -7.538248e-02 7.657329e-02
3.559819e-01 6.875003e-02 -9.310652e-02
-6.700071e-01 -1.080470e-01 5.530876e-02
-8.136810e-01 1.751200e-02 1.170802e-01
-9.681256e-04 -5.446262e-02 1.029656e-01
-7.905452e-01 1.139717e-01 2.098690e-02
4.028144e-01 1.055041e-01 -4.488134e-02
6.548480e-01 -9.833411e-02 -4.382417e-02
7.899166e-01 8.710083e-02 -8.472756e-02
-8.773587e-01 3.874647e-02 -1.167101e-01
9.982291e-01 5.058278e-02 1.531725e-02
-5.507248e-01 4.814477e-02 1.070757e-01
8.131675e-01 -9.702333e-02 -6.144103e-02
6.582904e-01 -1.870468e-02 -1.078423e-01
8.592218e-01 1.132115e-01 4.977131e-02
-4.430866e-02 -1.082960e-01 3.095183e-02
-7.603938e-01 -8.171356e-02 -9.347651e-02
-6.347180e-02 -5.722832e-02 1.008642e-01
-2.441641e-01 1.302913e-02 -1.182036e-01
9.273848e-01 6.030863e-02 -2.973585e-02
-6.032748e-02 -3.303137e-03 -1.173709e-01
-2.453394e-01 -1.088466e-01 -4.733963e-02
-9.369165e-01 6.184224e-02 1.559488e-02
-5.127967e-01 1.129230e-01 -3.947609e-02
6.738796e-01 -5.887989e-02 -9.306682e-02
-8.715262e-02 1.131066e-01 1.624236e-02
8.259933e-01 1.559819e-02 1.152300e-01
-7.478514e-01 5.059572e-03 1.182564e-01
3.488497e-01 1.048357e-01 -4.648054e-02
8.250324e-01 -9.280199e-03 -1.199613e-01
9.215019e-02 -1.046783e-01 3.375350e-02
-9.570729e-01 -1.269353e-01 -5.378924e-03
-6.455652e-01 5.328289e-02 1.043401e-01
-8.721138e-01 1.964849e-02 1.184547e-01
-5.207561e-01 1.171438e-01 -6.602820e-05
-8.960185e-02 -4.271809e-02 1.056749e-01
4.963141e-01 -4.954719e-02 8.867903e-02
-4.372685e-01 4.010961e-02 1.081463e-01
-1.567724e-01 2.369880e-02 -1.180714e-01
1.209776e-01 3.001665e-02 -1.120845e-01
-5.132268e-01 -1.041278e-01 -5.974933e-02
-6.001726e-01 9.146574e-02 7.317679e-02
1.484476e-01 -9.505730e-02 -6.125605e-02
-9.705937e-01 -2.242729e-02 -1.230935e-01
8.546875e-01 -1.128707e-01 1.860801e-02
5.133088e-01 -5.767046e-04 -1.016836e-01
-4.778464e-01 -2.271571e-02 1.139217e-01
3.093493e-01 5.950881e-03 1.099833e-01
8.938743e-01 -8.860826e-02 -2.596937e-02
3.719272e-02 2.110312e-03 1.116220e-01
7.703570e-01 -9.375961e-02 6.137487e-02
8.724936e-01 -8.951266e-02 7.155126e-02
7.521036e-01 -8.328645e-02 -7.662608e-02
-9.400121e-01 -1.150335e-01 5.168756e-02
-5.186371e-01 7.455677e-02 8.677602e-02
4.965457e-01 1.041672e-01 2.707947e-02
-2.776428e-01 -1.147189e-01 2.663022e-02
8.023282e-01 -6.203889e-02 9.405796e-02
7.712504e-01 -7.839734e-02 8.090814e-02
8.054965e-02 -8.696978e-02 6.975383e-02
7.090191e-02 5.688754e-02 -1.030051e-01
-5.509895e-01 9.402171e-02 6.807536e-02
9.274509e-01 -5.364986e-02 7.242387e-03
6.928264e-01 8.584255e-02 -7.507982e-02
-7.014158e-01 -2.308268e-02 -1.196044e-01
9.011058e-01 7.145028e-02 4.797330e-03
-9.529861e-01 -2.791886e-03 6.845873e-02
4.201242e-01 -5.363676e-02 9.376724e-02
-6.409475e-01 -1.097904e-01 3.261692e-02
7.612382e-01 -1.900620e-02 -1.154943e-01
6.366449e-01 -2.836508e-02 -1.051858e-01
7.570018e-01 2.999047e-02 -1.160626e-01
-9.974020e-01 4.815786e-02 9.696550e-02
-2.832516e-01 2.647759e-02 1.109084e-01
4.947087e-01 -2.806357e-02 9.843251e-02
-3.267504e-02 -8.581623e-02 7.320326e-02
4.417869e-01 2.776220e-02 -1.109876e-01
7.976286e-01 -8.910628e-02 -7.439264e-02
-9.373638e-01 -2.373807e-02 -1.231596e-01
-4.047838e-01 6.264191e-02 9.848530e-02
7.848372e-01 9.554223e-02 6.971427e-02
-3.043677e-01 1.146795e-01 1.009699e-02
-3.403610e-01 -9.513584e-02 -6.966133e-02
8.977469e-01 6.029554e-02 -8.669675e-02
-3.182681e-01 -1.091481e-01 -5.154227e-02
9.013547e-01 -1.544096e-02 1.127189e-01
3.868123e-01 9.948766e-02 5.372293e-02
7.388821e-01 8.703538e-02 -7.851601e-02
-6.338642e-01 1.024631e-01 5.283738e-02
2.532987e-01 -9.720689e-02 -5.821630e-02
2.713126e-02 5.826391e-02 -1.010889e-01
-9.228836e-01 -4.768588e-02 -7.583317e-02
5.145661e-01 -8.854266e-02 3.877567e-02
-8.395788e-01 -1.203683e-01 3.026451e-02
4.982331e-01 9.503112e-02 4.756418e-02
3.310516e-02 1.144305e-01 6.436239e-03
-2.667043e-01 1.103409e-01 2.762136e-02
1.576154e-01 9.171475e-02 6.791684e-02
-2.988078e-01 4.218065e-02 1.063224e-01
1.291526e-01 -5.815905e-02 9.711094e-02
7.072735e-01 4.558866e-02 1.006132e-01
-9.276998e-01 -1.263978e-01 -9.383485e-04
-5.763924e-01 -1.178254e-01 -2.106630e-02
2.603158e-01 -1.229506e-02 -1.138027e-01
-9.856521e-01 -9.150501e-02 -8.101329e-03
-9.916105e-01 -4.553630e-02 -1.131815e-01
-4.058267e-01 -9.778359e-02 6.512826e-02
4.654837e-01 -1.542773e-02 -1.109349e-01
8.607941e-01 1.498221e-02 1.194723e-01
-4.441864e-01 1.087811e-01 -4.193424e-02
-9.496099e-01 4.461866e-02 5.525597e-02
8.706566e-01 3.989988e-02 -6.843226e-02
-9.454570e-01 1.113371e-01 -4.456429e-02
-9.142956e-01 3.274308e-02 6.104458e-02
-1.615051e-01 8.497743e-02 -8.446316e-02
-9.989491e-02 5.434466e-02 -1.055162e-01
-9.200382e-01 2.866660e-02 -1.205427e-01
7.949140e-01 -2.354143e-02 1.120317e-01
4.218792e-01 1.116124e-01 2.196495e-02
1.866922e-01 1.399913e-02 1.104458e-01
9.693270e-02 -4.973074e-02 -1.042211e-01
-3.317888e-01 -2.715917e-02 -1.159304e-01
-7.935086e-01 8.340455e-02 -8.705351e-02
-7.069268e-01 -4.569353e-02 -1.144502e-01
-5.114308e-02 -8.925056e-02 -7.459086e-02
2.256381e-02 -1.113763e-01 -2.347151e-02
7.952291e-01 1.110223e-02 1.149260e-01
-9.582641e-01 6.015140e-02 -4.433959e-02
5.511470e-02 1.136571e-01 -1.659926e-02
-9.390684e-01 1.207223e-02 1.205032e-01
-4.264292e-01 -4.839378e-02 -1.098114e-01
-7.304423e-01 -1.130410e-01 4.887266e-02
-3.566451e-01 1.032103e-01 5.594315e-02
5.379004e-01 3.341156e-02 8.618133e-02
-7.346615e-01 9.589611e-02 -7.161729e-02
-8.008883e-01 -8.526571e-02 8.677602e-02
-6.217015e-01 1.155971e-01 3.872216e-03
-1.380888e-01 9.277652e-02 -7.439264e-02
7.157967e-01 4.666352e-02 -1.061903e-01
-5.149315e-01 -9.681374e-02 6.794330e-02
-1.332402e-01 1.083616e-01 3.420289e-02
-9.753422e-01 -8.242146e-02 9.339724e-02
3.248379e-01 1.025156e-01 4.955984e-02
8.279454e-01 1.071557e-01 5.928685e-02
-1.850206e-01 -2.131316e-02 1.113709e-01
-7.153824e-01 1.053468e-01 -4.909736e-02
-2.295026e-01 -1.014533e-02 1.132211e-01
4.103279e-01 2.853555e-02 -1.111859e-01
-4.786735e-01 1.048357e-01 -5.833527e-02
-1.142259e-01 4.111902e-02 1.056880e-01
-6.000892e-01 -9.944839e-02 -7.584640e-02
-7.565558e-01 -3.924448e-02 -1.161154e-01
7.638866e-01 9.005008e-03 1.154150e-01
-9.086524e-01 -7.222393e-03 -7.110187e-02
-6.163891e-01 1.507427e-03 1.171992e-01
6.603748e-01 -4.900975e-02 9.478485e-02
-4.106429e-01 -3.195664e-02 -1.158776e-01
-2.275333e-01 4.733201e-02 -1.115295e-01
-7.967510e-01 -3.815653e-02 -1.169348e-01
-2.041501e-01 1.117173e-01 1.603090e-02
1.311458e-02 -9.373343e-02 6.609308e-02
-2.096611e-01 5.465926e-02 1.016043e-01
4.614961e-01 6.011213e-02 9.252493e-02
-9.502559e-01 -7.784682e-02 -4.864796e-02
8.847728e-01 -1.094496e-01 3.370071e-02
-9.482203e-01 -1.220723e-01 3.381967e-02
8.086002e-01 -6.085916e-02 -1.011814e-01
-2.358990e-02 3.591559e-03 -1.172520e-01
-1.743137e-01 1.073262e-01 -4.394313e-02
-9.450757e-01 -1.136964e-01 -5.781984e-02
5.455792e-01 -4.260042e-03 9.421663e-02
8.500872e-01 9.922557e-02 7.066571e-02
1.527503e-01 1.092660e-01 3.206194e-02
-5.163542e-01 -1.135392e-01 -3.547167e-02
-7.047180e-02 3.350334e-02 1.077101e-01
5.723372e-01 -5.485577e-02 -8.598310e-02
3.195096e-01 -5.684826e-02 -9.746769e-02
7.370279e-01 5.586518e-02 9.985981e-02
-7.730622e-02 -6.956265e-02 8.636632e-02
8.979957e-01 3.444715e-02 5.460834e-02
-7.399567e-01 -9.238323e-02 -7.299180e-02
9.024638e-01 -5.359749e-02 3.064787e-02
7.735664e-01 -1.052813e-01 -3.870950e-02
-6.335665e-01 -1.129886e-01 -4.379770e-02
9.945882e-01 4.452703e-02 -3.477125e-02
-7.338675e-01 -1.202110e-01 -1.229088e-02
3.678310e-01 -4.444834e-02 -1.037320e-01
6.180117e-01 2.647744e-03 -1.085295e-01
-6.466067e-01 -3.178618e-02 -1.178071e-01
4.851929e-01 -1.041016e-01 -6.872255e-03
-1.160794e-01 1.461510e-02 1.119392e-01
-4.890323e-01 4.102667e-03 1.159569e-01
9.471522e-02 7.124054e-02 8.738393e-02
-1.072590e-01 1.080339e-01 -4.724713e-02
-8.768797e-01 -3.461748e-02 -1.199084e-01
-5.470350e-01 -1.189526e-01 1.810525e-03
3.832376e-01 -7.754530e-02 -8.016802e-02
8.843758e-01 -4.402887e-02 -7.389044e-02
-4.945591e-01 -7.112259e-02 -9.366151e-02
-3.741864e-01 -1.148761e-01 -6.489033e-03
8.479352e-01 -1.625358e-02 1.156397e-01
7.267842e-01 -1.063693e-01 -2.899587e-02
6.689642e-01 -9.737735e-02 4.107515e-02
-3.307301e-01 -1.111929e-01 -1.163003e-02
-5.477471e-01 -1.095150e-01 5.012821e-02
-4.580868e-01 -1.024631e-01 6.614587e-02
-7.138605e-01 -1.968777e-02 1.169877e-01
-4.483566e-01 9.522762e-02 6.823403e-02
7.564897e-01 -1.102354e-02 1.116881e-01
4.109234e-01 -1.079291e-01 8.762186e-03
8.789641e-01 1.203683e-01 4.102236e-02
-2.350467e-01 1.154661e-01 -1.102211e-02
-1.945286e-02 1.119138e-01 2.892970e-02
-4.147801e-01 -1.184152e-01 4.810564e-03
-8.112816e-01 -5.051718e-02 1.093886e-01
-9.975674e-01 -2.444597e-02 1.040360e-01
-7.731363e-01 -1.216529e-01 1.823802e-02
7.371271e-01 -6.038732e-02 9.141482e-02
8.944699e-01 7.036232e-02 -1.099303e-01
-2.631296e-01 -4.135494e-02 -1.115560e-01
-9.974840e-01 8.166120e-02 -6.145427e-02
6.131466e-01 -2.975455e-02 1.021858e-01
-8.418459e-01 -1.084013e-02 1.194987e-01
-3.243416e-01 -6.594491e-02 -1.022915e-01
8.279785e-01 9.735117e-02 -7.633536e-02
-4.574834e-02 -1.027384e-01 4.978454e-02
-9.111683e-01 -4.856410e-02 3.325131e-02
-1.842928e-01 -9.943516e-02 5.485951e-02
3.873165e-02 -7.150264e-02 8.207118e-02
6.471691e-01 -5.538011e-02 -9.522100e-02
-5.395640e-02 -6.102962e-02 -1.013796e-01
-9.259951e-01 -3.436847e-02 7.054674e-02
8.172385e-01 1.216005e-01 -1.592517e-02
4.709112e-01 1.048095e-01 4.034826e-02
8.424004e-02 -1.096593e-01 -2.213671e-02
5.452311e-01 9.915997e-02 1.342746e-02
-7.788961e-01 -1.088204e-01 5.586388e-02
-8.842765e-01 5.811963e-02 1.039039e-01
-8.645832e-01 1.088596e-01 4.447164e-02
-2.332507e-02 -8.173975e-02 -8.441036e-02
-8.998327e-01 2.126079e-02 -5.259959e-03
8.894394e-01 -1.117696e-01 -4.841004e-02
-2.452732e-01 -5.764780e-02 -1.051858e-01
-9.392101e-02 -7.749294e-02 -8.751614e-02
-7.111129e-01 -1.209844e-01 1.008376e-02
-9.939438e-01 3.598076e-02 8.203148e-02
6.143046e-01 -6.388710e-02 8.541474e-02
-6.836587e-01 4.392400e-02 1.092829e-01
-1.872547e-01 -1.124250e-01 -1.955960e-02
2.013695e-01 9.466401e-02 -6.609308e-02
-2.517278e-01 5.372854e-02 1.021990e-01
1.906309e-01 -2.427551e-02 -1.123489e-01
-1.104613e-02 1.042326e-01 -5.644533e-02
-9.004614e-01 -4.716154e-02 -1.690322e-02
-8.642192e-01 8.302435e-02 -8.863948e-02
-4.336780e-01 -1.176549e-01 -8.075004e-03
6.330371e-01 4.443596e-03 1.085823e-01
-8.817448e-01 -9.799333e-02 -7.978480e-02
-7.979925e-01 1.149417e-01 -2.565217e-02
-1.243702e-01 8.712716e-02 7.229138e-02
-2.114981e-01 -6.721642e-02 -9.937085e-02
-9.513304e-01 -5.375472e-02 -1.143444e-01
2.045472e-01 1.149024e-01 -1.544945e-02
5.853615e-01 7.169928e-02 7.605786e-02
-4.500440e-01 -7.219730e-02 -9.409766e-02
5.507579e-01 4.305887e-02 -9.409766e-02
-2.964084e-01 -5.371545e-02 -1.064018e-01
-5.063262e-01 -3.149790e-02 1.123754e-01
3.698176e-01 -6.606273e-03 -1.137233e-01
8.766560e-02 -8.763827e-02 -7.349399e-02
7.223492e-01 -2.774911e-02 -1.126529e-01
5.302704e-01 -3.486649e-02 8.697424e-02
9.057235e-01 1.195427e-02 1.134987e-01
-2.256143e-01 -9.961872e-02 5.590359e-02
7.510607e-01 -1.078242e-01 -2.289006e-02
1.777892e-01 -8.268356e-02 7.398294e-02
-5.152120e-01 1.011000e-01 5.899612e-02
-4.486372e-01 -6.594491e-02 9.750739e-02
-9.204022e-01 9.096773e-02 7.677152e-02
