-1.904336e-01 4.658902e-01 7.982679e-02
3.697175e-02 -9.995222e-01 3.427400e-02
4.442188e-01 -1.651785e-01 -5.031208e-01
4.164053e-01 -2.045394e-01 5.304763e-01
-5.654273e-01 -3.388682e-01 -3.872879e-01
2.743716e-01 7.961873e-01 -5.817232e-01
-4.280324e-01 -4.006272e-01 4.680603e-01
-1.556518e-01 2.185157e-01 -5.692400e-01
4.622766e-01 2.816286e-01 3.708128e-02
5.713404e-01 -5.874571e-01 -1.388684e-02
-1.397641e-02 -6.522622e-01 -5.361704e-01
-5.878653e-01 3.017268e-02 7.387381e-02
-8.881590e-02 8.890548e-02 5.385994e-01
8.626747e-02 -6.747399e-01 5.211587e-01
-4.570803e-01 -7.379921e-01 -7.376488e-03
-2.153402e-01 7.754417e-01 -3.611070e-01
2.259320e-01 7.596734e-01 -5.472103e-02
3.518789e-01 3.282962e-01 -4.575083e-01
6.469364e-01 -1.355732e-01 7.733807e-02
4.837944e-03 -2.151710e-01 -6.519437e-01
2.941815e-01 -8.104027e-01 -2.651436e-01
-4.794783e-01 1.122194e-01 -3.250510e-01
-5.174456e-02 -3.068737e-01 6.506096e-01
3.107461e-01 1.779802e-01 4.046289e-01
-2.305112e-01 -8.471355e-01 3.247723e-01
4.663182e-01 -5.847693e-01 3.759793e-01
-6.458415e-01 -3.601115e-01 1.052211e-02
-3.699169e-01 -6.700413e-01 -3.832462e-01
-3.093923e-02 5.827385e-01 -6.320343e-01
5.038674e-01 -5.079787e-01 -3.714201e-01
1.666617e-01 4.487084e-01 1.799711e-01
-4.214026e-01 -2.505599e-02 4.343935e-01
3.449704e-01 -8.401672e-01 1.433179e-01
-3.377831e-01 -1.240655e-01 -5.772436e-01
5.460355e-01 4.434822e-02 -2.269375e-01
-3.350157e-01 4.506993e-01 -2.501917e-01
8.995071e-02 9.426808e-01 -3.277189e-01
-8.786024e-02 -8.777562e-01 -2.625554e-01
1.635359e-01 7.638245e-02 -5.901648e-01
2.587228e-01 -4.573093e-01 -5.940471e-01
4.130606e-01 6.294062e-01 -2.967797e-01
-3.685233e-01 2.240705e-01 2.284903e-01
-2.623065e-01 -4.512170e-01 -5.956000e-01
-9.608284e-02 7.336120e-01 -6.491465e-02
6.303917e-01 -2.701409e-01 -2.084615e-01
9.851174e-02 -9.082973e-01 3.242745e-01
-7.535717e-02 3.095017e-01 3.312428e-01
5.981982e-01 -3.180230e-01 3.143198e-01
-5.912698e-01 -2.188741e-01 2.719725e-01
-2.151013e-01 -6.078642e-01 5.226320e-01
-6.318252e-01 -1.198248e-01 -1.841322e-01
1.644716e-01 -5.882237e-02 6.095963e-01
5.390672e-01 -3.633470e-03 3.247723e-01
-5.244537e-01 -5.479369e-01 2.247275e-01
2.250958e-01 -4.165149e-01 6.044597e-01
-4.381265e-01 2.637897e-01 -6.387938e-02
-2.440893e-02 8.594993e-01 -5.828182e-01
-2.429944e-01 -9.166990e-01 -1.235378e-02
-5.658056e-01 -5.452292e-01 -2.073466e-01
2.356677e-01 5.287442e-01 -6.046986e-01
-2.715843e-01 -1.727042e-01 5.937285e-01
3.489124e-01 5.091335e-01 -2.023795e-02
-2.421184e-01 5.018267e-01 -4.857399e-01
3.342193e-01 8.755861e-01 -3.457170e-01
4.449355e-01 3.432880e-01 -2.222189e-01
3.877756e-01 7.922948e-02 -4.610124e-01
4.808120e-02 3.448409e-01 -6.139167e-01
2.828331e-01 -7.427704e-01 3.938977e-01
2.889851e-01 -6.536957e-01 -4.599970e-01
2.372405e-01 -1.560998e-01 -6.175800e-01
-8.266386e-02 1.562875e-03 -6.194316e-01
6.517943e-01 -3.675377e-01 8.155892e-02
2.257130e-01 -9.114230e-01 -6.913546e-02
-5.191379e-01 -1.164203e-01 -4.275248e-01
-3.731024e-01 -6.702006e-01 3.584988e-01
5.903138e-02 6.135782e-01 6.248564e-02
5.850181e-01 7.234083e-02 8.650622e-03
-3.014683e-01 -8.189040e-01 -2.159275e-01
-3.409885e-01 2.895724e-01 -4.078941e-01
8.057339e-02 -7.966055e-01 -3.909910e-01
4.425862e-01 -7.474093e-01 -1.066050e-01
1.451395e-02 -4.397492e-01 -6.379274e-01
-2.750884e-01 1.394555e-01 4.243392e-01
9.960676e-02 2.090389e-01 4.534070e-01
3.421432e-01 3.189189e-01 2.154696e-01
5.795630e-01 -5.386193e-01 1.972525e-01
5.021154e-02 8.904783e-01 -1.213578e-01
-3.211986e-01 8.420684e-02 -5.210194e-01
-2.518143e-01 -3.991140e-01 5.896470e-01
-8.614807e-02 -9.588473e-01 2.046389e-01
-1.401624e-02 -5.119009e-01 6.097954e-01
-3.718481e-01 -7.965258e-01 1.760091e-01
4.360957e-01 -4.156389e-01 4.964312e-01
-4.155492e-01 -3.180827e-01 -5.493306e-01
-2.387139e-01 6.027076e-01 -1.415261e-01
-5.018566e-01 5.822508e-02 2.614205e-01
-3.774826e-02 -9.726744e-02 6.368523e-01
-5.777114e-01 -5.554228e-01 4.609041e-03
-7.010108e-02 -7.878453e-01 4.485889e-01
-5.629585e-01 8.042407e-02 -1.235877e-01
3.384998e-01 -1.095096e-04 5.192076e-01
-1.836643e-01 -7.464536e-01 -4.164153e-01
4.393211e-01 -3.670997e-01 -5.112837e-01
5.992136e-01 -4.679210e-01 -1.808870e-01
-6.419990e-01 -3.324573e-01 -1.896073e-01
-4.496142e-01 -4.962521e-01 -4.609328e-01
-6.413021e-01 -1.684635e-01 7.062865e-02
4.935742e-01 1.630083e-01 2.222587e-01
3.081778e-01 -5.721666e-01 5.114628e-01
4.954258e-01 -7.060774e-01 1.239659e-01
1.071126e-01 7.240356e-01 -6.517446e-01
-1.841222e-01 -2.562640e-01 -6.403166e-01
-4.815888e-01 -2.160868e-01 4.455428e-01
5.622617e-01 -1.561993e-01 -3.485043e-01
-9.803399e-02 9.121397e-01 -2.964810e-01
3.701757e-01 6.216017e-01 -4.827734e-01
-1.671794e-01 6.842168e-01 -5.464437e-01
-3.398540e-02 4.495445e-01 1.834951e-01
4.460504e-01 -6.655617e-01 -2.860286e-01
1.479867e-01 -2.424270e-01 6.408740e-01
1.664028e-01 3.232990e-01 3.177642e-01
3.527151e-01 7.721168e-01 -1.922354e-01
-4.520233e-01 -7.100592e-01 -1.910806e-01
5.831465e-02 -9.368872e-01 -1.692400e-01
-3.291026e-01 3.461550e-01 5.744857e-02
-2.519138e-01 2.687490e-04 5.407496e-01
-5.969439e-01 -3.851376e-01 1.942063e-01
-1.267831e-01 4.056841e-01 -5.832960e-01
-2.199592e-01 3.286745e-01 2.292071e-01
2.188841e-01 2.836195e-01 -5.665522e-01
1.997312e-01 -9.354338e-01 1.749141e-01
1.419939e-01 8.923298e-01 -5.168384e-01
-2.779752e-01 5.917575e-01 -3.385894e-01
6.284008e-01 -7.484945e-02 -8.655620e-02
2.160171e-01 9.056095e-01 -1.773232e-01
9.636116e-03 1.686028e-01 -5.993430e-01
1.700463e-01 -3.143796e-01 -6.417301e-01
-2.744512e-01 -6.045792e-01 -5.121796e-01
4.541536e-01 1.896272e-01 -3.006023e-01
4.214623e-01 -7.262854e-01 2.773082e-01
5.339704e-01 -1.659350e-01 4.125330e-01
5.625006e-01 -3.258673e-01 -3.665821e-01
1.355035e-01 -5.827983e-01 -5.712309e-01
-1.025136e-01 -9.505849e-01 -9.884029e-02
-4.922403e-01 1.684635e-01 7.912990e-02
5.982380e-01 6.102237e-03 1.678065e-01
-4.171022e-01 2.681897e-01 -2.601862e-01
5.187397e-01 1.855059e-01 -9.503761e-02
8.549101e-02 -6.483501e-02 -6.310985e-01
-2.988204e-01 4.519934e-01 -6.682597e-02
1.966054e-01 8.366930e-02 5.334229e-01
4.143746e-01 4.722015e-01 -3.459360e-01
6.579264e-01 -2.452740e-01 -4.836992e-02
6.105420e-01 -1.542880e-01 2.684685e-01
-1.126873e-01 5.951023e-01 1.782888e-02
-5.211886e-01 -4.234035e-01 3.322184e-01
4.163456e-01 4.964909e-01 -1.663929e-01
5.672189e-02 7.549351e-01 -1.790854e-02
2.176298e-01 6.042407e-01 3.640434e-02
-5.647305e-01 -2.971480e-02 -2.992285e-01
-2.385944e-01 -9.213379e-01 1.698571e-01
-1.251705e-01 -5.495894e-01 -5.888109e-01
-5.917277e-01 -6.648750e-02 2.002787e-01
-3.666916e-01 -5.470808e-01 4.591608e-01
-1.788463e-01 7.761783e-01 -1.937684e-01
2.920710e-01 -1.313028e-02 -5.643423e-01
4.276940e-01 7.160419e-02 4.075755e-01
3.410283e-01 6.473048e-01 -9.402220e-02
3.878552e-01 -5.142104e-01 -4.970285e-01
2.783933e-01 -1.675875e-01 5.980090e-01
4.803544e-01 -3.716093e-02 -4.128515e-01
-4.795381e-01 -6.767110e-01 1.508038e-01
5.531233e-01 -4.640187e-01 3.369369e-01
-5.284754e-01 -8.253447e-02 3.413767e-01
-6.110201e-02 9.133742e-01 -4.434722e-01
3.116221e-01 4.238415e-01 1.108854e-01
1.506744e-01 -5.455478e-01 5.789358e-01
2.522323e-01 -8.435120e-01 2.855707e-01
-5.437264e-02 -9.010900e-01 3.507143e-01
-1.326963e-01 1.930715e-01 4.402269e-01
1.323179e-01 -7.988552e-01 4.206958e-01
-4.346026e-01 3.314917e-03 -4.666866e-01
-3.532527e-01 -8.332786e-01 -6.877708e-02
3.557215e-01 -8.399881e-01 -2.852025e-02
3.921557e-01 7.488825e-01 -3.964661e-01
3.314320e-01 -3.168085e-01 5.801105e-01
-3.684237e-01 -2.901299e-01 5.432780e-01
-5.837440e-02 -6.578767e-01 5.329849e-01
3.608581e-01 -2.598676e-01 -5.761286e-01
-6.243791e-01 -4.523717e-01 -9.979595e-02
-5.421532e-01 -4.788114e-01 -3.504555e-01
-3.956000e-01 1.146882e-01 3.473296e-01
8.433624e-02 -4.057638e-01 6.371908e-01
-2.038724e-01 -7.344284e-01 4.351102e-01
5.353840e-01 -5.966950e-01 -1.656961e-01
-2.352496e-01 3.374944e-01 -5.173162e-01
4.549299e-02 5.247124e-02 5.747349e-01
-6.329601e-01 -7.098702e-02 -3.463243e-02
-1.045245e-01 -9.883729e-01 5.631372e-02
5.646308e-02 -9.745956e-01 2.014334e-01
-2.268479e-01 1.722152e-03 -5.908815e-01
3.290827e-01 4.588820e-01 -5.117416e-01
-6.599175e-01 -2.250660e-01 -5.949929e-02
4.266985e-01 3.831068e-01 -5.673188e-02
-6.149022e-01 -2.136579e-01 -2.902295e-01
9.496787e-02 5.163406e-01 -6.402768e-01
6.439102e-01 -3.965457e-01 -5.766763e-02
1.433278e-01 -8.741128e-01 -2.645463e-01
-2.230850e-01 2.438405e-01 3.422527e-01
3.024837e-01 1.883928e-01 -5.059480e-01
5.175651e-01 -3.010602e-01 4.427156e-01
-3.803096e-01 3.583993e-01 -1.560998e-01
2.378179e-01 -7.567070e-01 -3.817132e-01
-1.418944e-01 -3.965258e-01 -6.379075e-01
6.425962e-01 -2.752178e-01 1.844706e-01
6.116171e-01 -1.270121e-01 -2.137574e-01
4.500323e-01 -7.291823e-02 4.715046e-01
-5.357622e-02 7.190384e-01 -6.235529e-01
-1.422528e-01 8.252551e-01 -5.127968e-01
-1.144991e-01 -1.369270e-01 -6.399582e-01
-3.854064e-01 -1.482754e-01 5.213180e-01
1.548952e-01 -6.882783e-01 -4.860186e-01
2.824349e-01 8.825942e-01 -4.759843e-01
5.821512e-02 3.880643e-01 2.621572e-01
2.786123e-01 6.614603e-01 -5.956996e-01
-7.862228e-02 8.601563e-01 -1.490717e-01
-1.518093e-01 5.480962e-01 -5.739983e-01
-4.514659e-01 -5.614156e-01 3.505948e-01
-4.097361e-02 -7.618834e-01 -4.361655e-01
-1.396645e-01 -1.838137e-01 6.365138e-01
-4.985715e-01 -2.360161e-01 -4.827535e-01
3.969738e-01 2.118262e-01 2.998656e-01
-3.959584e-01 1.563187e-01 -4.187646e-01
-3.091335e-01 4.377582e-01 -3.910906e-01
6.968292e-02 9.835548e-01 -4.543826e-01
-5.354039e-01 -6.226370e-01 -1.008711e-01
2.219700e-01 9.436763e-01 -3.023344e-01
5.249913e-01 1.798118e-01 8.952267e-02
-3.129362e-01 -2.488776e-01 -6.048181e-01
-4.717336e-01 -6.166642e-01 -3.222239e-01
-1.687123e-01 -4.990991e-01 5.912199e-01
-4.877806e-01 1.766463e-01 -2.028471e-01
-1.540392e-01 -6.636305e-01 -5.108457e-01
-3.223135e-01 -8.632024e-01 7.803488e-02
1.604898e-01 -9.634065e-01 5.587575e-02
1.931611e-01 4.085909e-01 -5.984073e-01
-2.039720e-01 -8.145637e-01 -3.104773e-01
6.185058e-01 -4.183465e-01 2.130606e-01
-2.732169e-01 2.009755e-01 -5.147479e-01
6.198198e-01 -4.887263e-01 6.792092e-02
4.154895e-01 3.226022e-01 -3.423921e-01
3.922950e-01 2.172416e-01 -4.060027e-01
4.694639e-02 3.046837e-01 3.567866e-01
-1.519287e-01 -4.554281e-02 6.000796e-01
4.158678e-01 -5.978299e-01 -4.096461e-01
-5.400428e-01 -2.896123e-01 3.600916e-01
-2.330596e-01 6.714150e-01 -4.420985e-01
2.217709e-01 -6.801951e-01 4.811209e-01
3.731422e-01 -6.577373e-01 4.110796e-01
4.360151e-03 9.441739e-01 -2.354985e-01
-3.316908e-01 -7.721368e-01 2.898511e-01
-2.111991e-01 -8.876114e-01 -1.682047e-01
-1.756210e-01 -3.109950e-01 6.293066e-01
5.054601e-01 -6.429446e-01 2.437808e-01
5.042656e-01 -2.618785e-01 -4.568513e-01
-6.327809e-01 -2.844557e-01 1.345179e-01
-2.184062e-01 5.373053e-01 -3.459263e-02
3.351351e-01 -8.301329e-01 -1.527152e-01
3.183515e-02 -1.953014e-01 6.514259e-01
6.856802e-02 5.172764e-01 1.352744e-01
-6.004281e-01 -4.752078e-01 9.234982e-02
3.165595e-02 4.201881e-02 -6.146932e-01
4.612214e-01 8.699416e-02 -3.637151e-01
5.715594e-01 6.634810e-02 -1.110249e-01
-6.030959e-01 -3.930019e-01 -2.863471e-01
-3.744562e-01 -4.313275e-01 -5.498681e-01
3.455876e-01 -1.385596e-01 -5.693594e-01
5.063760e-01 -6.877010e-01 -2.360267e-02
-8.919393e-03 1.714897e-01 4.874720e-01
-4.608034e-01 1.518789e-01 1.990841e-01
2.778757e-01 2.798567e-01 3.154945e-01
2.624060e-01 -9.021651e-01 4.468664e-02
-4.169230e-01 2.591309e-01 6.330193e-02
1.451595e-01 -4.466577e-01 -6.276144e-01
-4.222787e-02 5.401921e-01 9.625203e-02
1.265442e-01 1.889702e-01 -5.886118e-01
-2.785331e-02 -3.286546e-01 -6.526007e-01
1.594345e-01 8.292568e-01 -6.146334e-01
-2.474541e-01 6.777860e-01 -2.644866e-01
-5.192972e-01 1.532527e-01 -4.261613e-02
2.446867e-02 -5.545269e-01 -5.963566e-01
3.536907e-01 -7.304266e-01 -3.258275e-01
-2.947788e-01 -4.979245e-01 5.363496e-01
-1.604697e-02 4.677417e-01 -6.247076e-01
1.411776e-01 8.369220e-01 -7.309742e-02
3.376835e-01 -4.651934e-01 5.443731e-01
4.074262e-01 -5.301379e-01 4.694340e-01
2.674630e-01 -5.592056e-01 -5.408691e-01
-9.566475e-02 1.224528e-01 -5.946245e-01
4.070877e-01 -5.215271e-02 -5.002937e-01
2.393310e-01 3.676771e-01 2.323926e-01
4.467274e-01 2.492559e-01 1.647205e-01
-4.481211e-01 -6.578169e-01 2.584739e-01
2.750485e-01 -3.444826e-01 -6.105918e-01
-4.349211e-01 -1.387985e-01 -5.206610e-01
1.424717e-01 6.879200e-01 1.378722e-02
3.927530e-01 3.414962e-01 1.035986e-01
3.097902e-02 -8.803245e-01 -2.778657e-01
3.518789e-01 7.762779e-01 -4.986213e-01
-1.052810e-01 3.740481e-01 2.433826e-01
-3.074611e-01 -7.627594e-01 -3.136628e-01
6.255935e-01 -3.359715e-02 1.830667e-02
7.207177e-03 -9.778209e-01 -7.777615e-02
5.673386e-01 -5.957792e-01 9.820318e-02
1.111144e-01 9.449902e-01 -1.980091e-01
2.125728e-01 2.375691e-01 3.959882e-01
-5.925041e-01 -4.828062e-03 -1.894680e-01
-3.023842e-01 -6.379673e-01 4.501618e-01
-2.496043e-01 3.752426e-01 1.302175e-01
5.664228e-01 -4.258325e-01 -3.174456e-01
-3.753920e-01 -5.911005e-01 -4.616296e-01
1.756806e-01 9.149071e-01 -4.132896e-01
-1.530835e-01 8.701906e-01 -3.985964e-01
4.742621e-01 2.389428e-01 -1.981883e-01
-6.420788e-02 -4.159574e-01 6.345627e-01
-3.297596e-01 5.065950e-02 4.621671e-01
1.215669e-01 -2.148126e-01 -6.458912e-01
2.348315e-01 5.104076e-01 9.234982e-02
3.452293e-02 -8.572296e-01 3.994326e-01
4.937136e-01 9.714795e-02 3.108158e-01
1.834055e-01 6.272560e-01 -6.396197e-01
5.545368e-01 -5.533822e-02 -3.051217e-01
-1.623015e-01 -9.181126e-01 2.770892e-01
5.253098e-01 -5.557414e-01 -2.757354e-01
4.736051e-01 2.837788e-01 -8.277339e-02
-4.993281e-01 -3.723757e-01 -4.661291e-01
4.399781e-01 -7.731721e-01 6.085312e-02
3.841322e-01 5.203225e-01 -4.371211e-01
3.061470e-01 8.737743e-01 -2.258822e-01
-6.327210e-02 -8.246976e-01 -3.523468e-01
-3.662734e-01 3.505948e-01 -3.058783e-01
-5.307848e-02 2.549898e-01 -5.944652e-01
-2.946593e-01 5.140112e-01 -1.620527e-01
3.428396e-02 -7.710617e-01 4.618685e-01
-5.623612e-01 -2.080832e-01 -3.952914e-01
5.365584e-02 -7.274800e-01 -4.687373e-01
-5.220049e-01 -6.495744e-01 5.673858e-04
2.784132e-01 8.896518e-02 -5.405107e-01
6.614106e-01 -2.610423e-01 5.607482e-02
-3.696183e-01 3.437858e-01 -4.012745e-02
2.803245e-01 8.184659e-01 -1.308347e-01
-1.697676e-01 6.561445e-01 -8.215620e-02
-5.405007e-01 7.124581e-02 1.587277e-01
-2.496242e-01 -1.633667e-01 -6.195511e-01
-1.364392e-01 -8.443084e-01 3.893385e-01
-3.312926e-01 -2.256735e-02 -5.523170e-01
-2.672838e-01 -3.420935e-01 -6.168434e-01
4.226768e-01 -3.169280e-01 5.293614e-01
6.108805e-01 -4.954358e-01 -6.119159e-02
-3.188492e-01 2.953064e-01 1.707133e-01
-3.490123e-02 6.639888e-01 1.048228e-02
3.764671e-01 4.130307e-01 2.973468e-02
-6.221692e-01 -1.631875e-01 1.773231e-01
1.637748e-01 -9.197451e-01 -1.520781e-01
-3.184311e-01 2.057737e-01 3.173660e-01
-3.956597e-01 -7.143198e-01 -2.889155e-01
3.925738e-01 6.563237e-01 -1.989050e-01
5.945348e-01 -2.459111e-01 -3.086656e-01
5.177243e-01 -4.081330e-01 4.160968e-01
-4.571201e-02 -1.542998e-03 5.992234e-01
-5.042058e-01 -1.794837e-02 -3.936987e-01
-5.393659e-01 -1.855060e-01 3.659648e-01
5.560500e-01 9.979591e-02 1.651386e-01
-2.010253e-01 1.096112e-01 4.890448e-01
-2.903788e-01 -7.303668e-01 3.799014e-01
-2.952566e-02 2.554278e-01 4.054452e-01
6.460602e-02 -3.011199e-01 6.497933e-01
2.066199e-01 -5.886218e-02 -6.084217e-01
-5.547757e-01 -5.631875e-01 1.167985e-01
6.277836e-01 -9.211090e-02 1.676671e-01
-1.517296e-01 4.194017e-01 1.646409e-01
-1.037280e-02 8.121945e-01 -6.901602e-02
-6.291386e-03 9.395749e-01 -3.616644e-01
-3.375840e-01 -5.240456e-01 -5.317306e-01
-2.195013e-01 1.283460e-01 -5.603206e-01
3.681648e-01 -4.286596e-01 -5.480365e-01
-3.803494e-01 -7.846797e-01 -1.631079e-01
2.667861e-01 6.657607e-01 -2.824153e-02
3.707132e-01 -1.155244e-01 5.419840e-01
-6.491464e-01 -2.178986e-01 -1.692599e-01
2.368025e-01 -8.694341e-01 -2.072470e-01
-3.000352e-02 -9.778408e-01 1.234483e-01
4.627744e-01 -4.638594e-01 -4.528695e-01
3.200836e-01 5.581305e-01 -5.423623e-01
6.566121e-02 -5.730926e-02 6.251456e-01
5.943756e-01 -5.649297e-02 2.564232e-01
2.337365e-01 -3.181026e-01 6.182967e-01
-4.569410e-01 -1.194863e-01 4.489274e-01
2.413618e-01 1.472002e-01 4.709870e-01
-1.212881e-01 -5.874969e-01 5.648997e-01
-1.951720e-01 -9.550247e-01 8.060326e-02
1.065950e-01 1.249614e-01 5.237469e-01
-2.891842e-01 -8.586432e-01 2.281121e-01
6.133891e-01 -3.809367e-01 -2.267782e-01
6.459210e-01 -3.242148e-01 -1.256981e-01
2.608730e-01 -7.102685e-02 5.830372e-01
5.811955e-01 -2.257628e-01 3.463740e-01
5.034493e-01 1.464636e-01 -2.187746e-01
-5.256070e-03 -9.480763e-01 2.787815e-01
-3.279478e-01 -6.190833e-02 5.286845e-01
3.254990e-01 -7.799014e-01 3.047434e-01
5.348663e-01 -5.528545e-01 2.980140e-01
6.998155e-02 -3.166493e-01 -6.513663e-01
4.754367e-02 -5.821413e-01 5.784182e-01
-5.684933e-01 -3.470111e-01 2.854113e-01
3.048128e-02 7.954307e-01 -6.334478e-01
-5.493009e-02 -9.277488e-01 -1.816634e-01
4.443779e-02 8.991389e-01 -5.137325e-01
-4.089592e-01 -7.887213e-01 6.099248e-02
4.296451e-01 4.371808e-01 -2.560251e-01
2.897616e-01 3.721965e-01 -5.331641e-01
-1.865510e-02 -1.192873e-01 -6.423274e-01
-5.050221e-01 -6.307800e-01 -2.316958e-01
-2.631826e-01 -2.786621e-01 6.013936e-01
-4.717137e-01 2.047680e-02 3.458961e-01
3.185108e-01 8.550096e-02 4.777960e-01
1.173460e-01 -1.386392e-01 6.381663e-01
-4.508885e-01 -4.716639e-01 4.069583e-01
4.041810e-01 6.006769e-01 -3.878453e-01
-6.196208e-01 -5.804590e-02 9.378327e-02
4.157284e-01 -7.794037e-01 1.653178e-01
-4.818077e-01 -7.018765e-01 -9.778510e-02
-4.632323e-01 -3.126475e-01 4.563337e-01
4.135981e-01 -7.334130e-01 -2.272759e-01
-6.085313e-01 -4.485889e-01 -2.090787e-01
2.090090e-01 -8.148027e-01 3.663829e-01
-3.602210e-01 -3.853168e-01 5.330247e-01
2.748892e-01 -8.746902e-01 1.986461e-01
-2.601762e-01 4.408441e-01 2.039718e-02
3.929521e-01 7.414762e-01 -2.724902e-01
9.594344e-02 -9.761485e-01 -3.620528e-02
-8.993080e-02 -2.561645e-01 -6.504505e-01
5.083669e-01 -1.432582e-01 -4.251755e-01
4.413915e-02 6.540540e-01 -6.506297e-01
2.139465e-01 7.398039e-01 -6.266985e-01
4.795779e-01 -4.943408e-01 4.208949e-01
-2.876910e-01 -6.940521e-01 -4.217710e-01
-5.708626e-01 7.741773e-02 -2.286595e-02
-4.105918e-01 2.198298e-01 -3.397442e-01
5.696083e-01 -1.080783e-01 3.384102e-01
-6.051068e-01 7.077773e-03 -8.428653e-02
7.902045e-02 -4.967697e-01 6.131003e-01
-1.613260e-01 -6.794983e-01 4.980638e-01
-1.754617e-01 8.495047e-01 -3.109153e-01
1.407197e-01 3.202329e-01 -6.003982e-01
5.537803e-01 4.866856e-02 2.499527e-01
-5.774924e-01 -1.317904e-01 -3.453586e-01
6.513961e-01 -1.555025e-01 -2.786327e-02
-1.691305e-01 4.598077e-02 5.462047e-01
3.845702e-01 4.262107e-01 -4.188841e-01
7.475981e-02 8.652332e-01 -5.927928e-01
1.644119e-01 -9.212583e-01 2.626151e-01
-5.469315e-01 6.606938e-02 -2.240108e-01
1.324772e-01 2.195012e-02 5.828978e-01
-4.661590e-01 -5.573740e-01 -3.959285e-01
-2.603554e-01 5.836941e-01 -4.271664e-01
-4.861082e-01 1.972923e-01 -1.145886e-01
2.548006e-01 -2.447166e-01 -6.207655e-01
2.511771e-01 -5.218357e-01 5.603205e-01
2.682594e-01 9.209994e-01 -3.876064e-01
-1.581405e-01 -3.993330e-01 6.217211e-01
8.543126e-02 4.258325e-01 -6.248071e-01
-6.525907e-01 -3.430690e-01 -1.010502e-01
1.526256e-01 -7.532826e-01 -4.224280e-01
-3.855856e-01 -1.991638e-01 -5.659350e-01
5.022945e-01 -3.708128e-02 3.994524e-01
1.377333e-01 5.759295e-01 8.283305e-02
-9.470910e-02 7.900154e-01 -5.877557e-01
-2.144045e-01 4.238415e-01 -5.270320e-01
-5.424319e-01 -2.063612e-02 2.717336e-01
1.920462e-01 -5.170972e-01 -5.924743e-01
5.865711e-01 -5.365597e-03 -1.650391e-01
4.697626e-01 -6.918421e-01 -1.719676e-01
-5.826888e-01 -1.305759e-01 2.637499e-01
-1.552337e-01 3.149967e-01 2.924593e-01
2.101638e-01 1.758100e-01 -5.620328e-01
4.095565e-01 7.734794e-03 4.667064e-01
-2.097655e-01 5.793937e-01 -5.147479e-01
-6.741329e-02 -4.717834e-01 -6.277537e-01
6.392315e-01 -1.869793e-01 1.793937e-01
3.608382e-01 8.235230e-01 -2.779852e-01
-1.948734e-01 7.691504e-01 -4.694938e-01
8.397790e-02 -6.561844e-01 -5.276094e-01
3.480364e-01 -6.773680e-01 -3.961077e-01
3.805485e-01 5.417251e-01 -9.971633e-02
-1.560499e-01 5.826487e-02 -5.969937e-01
3.098302e-01 5.890697e-01 -2.246782e-02
-2.810811e-01 -8.750884e-01 -9.714799e-02
4.428450e-01 -2.607834e-01 -5.197850e-01
-5.710418e-01 -4.865363e-01 1.743766e-01
-1.668011e-01 -9.593450e-01 -4.091424e-03
7.002138e-02 2.606640e-01 -6.028471e-01
-1.660246e-01 3.050022e-01 -5.623712e-01
-1.319397e-01 8.701309e-01 -2.279727e-01
5.067343e-01 2.215818e-01 -7.675090e-03
-3.014086e-01 3.606092e-01 -4.385347e-01
1.791449e-01 -6.158479e-01 5.368274e-01
4.840774e-01 -2.080235e-01 4.766213e-01
3.335424e-01 -8.142452e-01 2.250859e-01
-2.078344e-01 6.815091e-01 -1.588074e-01
-3.043153e-01 5.265939e-01 -2.776467e-01
-6.505003e-01 -2.646658e-01 5.245133e-02
-1.945349e-01 -9.225524e-01 -8.337067e-02
3.528147e-01 8.379772e-01 -4.209348e-01
-7.571547e-02 -6.976756e-01 -4.969290e-01
1.603504e-01 -3.608083e-01 6.322533e-01
-1.143796e-01 4.817580e-01 1.188692e-01
-5.904136e-01 -5.306356e-01 -9.027926e-02
1.573042e-01 3.892788e-01 2.451944e-01
6.360460e-01 -1.892688e-01 -1.601613e-01
3.863819e-01 1.518789e-01 3.742471e-01
5.957095e-01 4.434822e-02 9.129462e-02
2.977652e-01 7.312229e-01 -9.111544e-02
6.204768e-01 -2.524613e-01 2.643472e-01
4.215420e-01 5.244836e-01 -2.788811e-01
2.103031e-01 -8.327609e-01 -2.973770e-01
1.112936e-01 -9.789756e-01 1.363098e-01
-1.196158e-01 6.249266e-01 -5.920163e-01
3.605395e-01 -7.225823e-01 3.571051e-01
-2.253148e-01 -8.820867e-02 5.932308e-01
3.494500e-01 -8.482505e-01 5.575627e-02
1.292320e-01 9.916779e-01 -3.945349e-01
4.493355e-01 -6.611617e-01 3.238365e-01
-1.443632e-01 2.548703e-01 3.713802e-01
4.959435e-02 4.497834e-01 1.968742e-01
5.478672e-01 1.463839e-01 -8.551092e-03
1.369170e-01 -1.317705e-01 -6.359962e-01
-4.011348e-01 2.399781e-01 1.440147e-01
5.024339e-01 1.512118e-02 -3.489622e-01
2.166542e-01 8.713254e-01 -5.494500e-01
-2.980041e-01 2.661789e-01 2.466477e-01
-2.598378e-01 -5.340003e-01 -5.616744e-01
-3.085957e-02 -7.266637e-01 4.905380e-01
5.032104e-01 8.876611e-02 -2.835996e-01
-1.981385e-01 -5.979294e-01 -5.460654e-01
5.230601e-01 -3.809168e-01 -4.157583e-01
4.368324e-01 3.892987e-01 -1.390971e-01
-1.415957e-01 -5.685135e-02 -6.247076e-01
2.652531e-01 3.491115e-02 5.370862e-01
3.525359e-01 -5.864616e-01 -4.766811e-01
2.434919e-02 9.124981e-01 -4.343736e-01
-5.839435e-02 3.375143e-01 -6.002588e-01
1.540789e-01 -8.091882e-01 -3.548156e-01
6.595590e-01 -3.196357e-01 -1.197552e-02
5.857548e-01 -4.804838e-01 2.566821e-01
3.472401e-01 6.869842e-01 -5.278284e-01
-5.197551e-01 -4.917924e-01 2.858494e-01
-2.681799e-02 3.724553e-01 2.690259e-01
1.445025e-01 8.965307e-01 -1.298592e-01
-4.904484e-01 -3.698074e-01 4.037529e-01
-6.501618e-01 -1.511025e-01 -9.396250e-02
6.004878e-01 -3.269225e-01 -2.871833e-01
-4.283510e-01 -7.278981e-01 1.892887e-01
-6.024987e-01 -9.601316e-02 -2.696829e-01
3.048330e-01 -3.941566e-01 5.811060e-01
-3.451894e-01 -2.090986e-01 5.583893e-01
-5.414564e-01 -5.414862e-01 -2.852521e-01
5.948335e-01 -3.971828e-01 2.964411e-01
1.345677e-01 -7.233587e-01 4.775770e-01
-3.917376e-01 1.695585e-01 2.840376e-01
2.958339e-01 -6.492559e-01 4.697327e-01
-3.422030e-01 -3.321985e-01 -5.876363e-01
4.036832e-01 4.552585e-01 -8.536164e-02
-2.832910e-01 2.757354e-01 -4.853616e-01
-1.532427e-01 7.408989e-01 -1.256981e-01
3.338211e-01 -2.232542e-01 5.791947e-01
-3.271119e-02 -5.894281e-01 5.757105e-01
-4.016525e-01 5.314818e-02 3.986959e-01
6.268478e-01 -5.109752e-02 9.876063e-02
3.848489e-01 -8.049873e-01 -9.509731e-02
2.567916e-01 -9.110248e-01 1.242048e-01
1.890000e-01 -6.243890e-01 -5.285650e-01
5.407993e-01 -6.442586e-01 3.411476e-02
-2.641979e-01 6.064108e-01 -2.172416e-01
-1.400428e-01 -8.032950e-01 -3.587776e-01
1.248519e-01 2.606839e-01 3.978597e-01
2.249166e-01 -2.305211e-01 6.227166e-01
-7.063858e-02 -2.217809e-01 6.496342e-01
-5.594546e-02 -5.876960e-01 -5.773232e-01
1.953113e-01 -7.507939e-01 4.336369e-01
5.084465e-01 -6.635508e-01 -9.957693e-02
-1.760988e-01 -4.908566e-01 -6.064905e-01
3.456075e-01 2.412025e-02 -5.185307e-01
-6.271266e-01 -2.950675e-01 -2.583744e-01
2.296351e-01 -7.043452e-01 -4.438903e-01
-6.286197e-01 -3.590961e-01 1.076203e-01
3.034593e-01 3.760191e-01 1.761684e-01
-5.714001e-02 -9.920960e-01 -7.197298e-03
1.715793e-01 4.850629e-01 -6.211637e-01
5.558110e-01 -3.390872e-01 3.846199e-01
3.209795e-01 -4.921308e-01 -5.514211e-01
-4.266189e-01 2.839580e-01 -1.394754e-01
-1.342094e-01 5.295804e-01 5.932006e-02
-2.846648e-01 5.108258e-01 -4.076950e-01
1.351451e-01 7.601314e-01 -2.302527e-02
-2.113783e-01 -9.250909e-02 -6.177791e-01
2.172118e-02 1.157434e-01 5.336817e-01
3.457866e-01 -3.554328e-01 -5.782788e-01
-2.662088e-01 4.293763e-01 -4.674432e-01
1.512319e-01 9.604201e-01 -2.731074e-01
-4.484993e-01 9.127467e-02 -3.938779e-01
4.123040e-01 1.415659e-01 -4.039321e-01
2.115375e-01 8.467174e-01 -1.063660e-01
4.072669e-01 2.527002e-01 2.319944e-01
5.114728e-02 6.800756e-01 2.266681e-02
1.844806e-01 -8.742920e-01 3.226022e-01
-6.209546e-01 -4.499826e-01 2.173110e-02
-3.051914e-01 -3.389478e-01 5.760091e-01
3.463043e-01 2.463491e-01 -4.613708e-01
3.087751e-01 4.805236e-01 5.796626e-02
-3.725848e-01 -4.764223e-01 4.906376e-01
-3.979891e-01 -7.149370e-01 2.736847e-01
-1.270021e-01 -9.043552e-01 -1.973322e-01
-2.116769e-01 1.831367e-01 4.174307e-01
-2.106217e-01 7.671793e-01 -2.636305e-01
8.190730e-02 -8.465781e-01 -3.251506e-01
-5.298293e-01 3.905230e-02 -3.019760e-01
-6.101438e-01 -3.041262e-01 2.055547e-01
-1.873476e-02 7.317804e-01 -2.240804e-02
1.925041e-01 -1.483152e-01 6.246279e-01
-3.162809e-01 3.936987e-01 -3.115814e-03
-1.837440e-01 -8.653526e-01 -2.365139e-01
4.794184e-02 2.513463e-01 4.153800e-01
-4.088000e-01 -6.656714e-02 -5.187497e-01
6.100642e-01 -5.684150e-03 -5.862329e-02
4.655617e-01 -5.903838e-01 -3.516500e-01
-3.696183e-01 -6.090588e-01 4.140261e-01
-1.208700e-01 -1.101887e-01 6.270370e-01
-4.526007e-01 1.161017e-01 2.706983e-01
-4.175601e-01 -2.161665e-01 5.070429e-01
3.968543e-01 6.721716e-01 -4.135683e-01
4.588124e-01 -7.464935e-01 -3.144693e-02
-8.017522e-02 5.288238e-01 -6.110099e-01
2.707481e-01 5.499677e-01 3.819617e-02
1.471305e-01 -4.635210e-01 6.124235e-01
-3.884725e-01 6.174904e-02 -4.809019e-01
-8.784037e-02 8.009656e-01 -1.027226e-01
-5.398437e-01 1.151859e-01 5.424316e-02
6.237021e-01 -3.337315e-01 2.448559e-01
5.375516e-03 -3.564084e-01 6.485193e-01
4.104723e-01 5.834354e-01 -2.076054e-01
-4.173013e-02 -8.512568e-01 4.060425e-01
-9.865114e-02 -4.795481e-01 6.132795e-01
-3.333234e-01 1.855258e-01 -4.720621e-01
-2.989797e-01 -5.643423e-01 5.011099e-01
6.387736e-01 -4.328804e-01 8.053345e-03
-1.940969e-01 -2.347818e-01 6.265392e-01
1.262854e-01 1.436463e-02 -6.107312e-01
-3.410881e-01 4.219900e-01 -1.482555e-01
3.497486e-01 7.118112e-01 -1.475387e-01
-5.215072e-01 -4.393510e-01 -4.108805e-01
-4.818277e-01 -5.784779e-01 2.841371e-01
-8.791995e-02 1.555423e-01 4.872928e-01
-6.235030e-01 -6.089295e-02 -1.385198e-01
-2.018217e-01 -8.081728e-01 3.837838e-01
-1.652527e-03 -2.366233e-02 -6.275746e-01
3.465233e-01 2.722512e-01 2.736250e-01
2.545617e-01 4.446070e-01 -5.758101e-01
1.555722e-01 5.050918e-01 1.322682e-01
-1.126076e-01 6.674929e-01 -3.451298e-02
3.334627e-01 1.214772e-01 -4.946394e-01
-4.289084e-01 -6.304614e-01 3.251306e-01
1.361007e-01 9.477377e-01 -4.672839e-01
4.585735e-01 -7.187795e-01 2.131004e-01
-2.304713e-01 -8.914340e-01 2.600070e-01
-5.670997e-01 3.235260e-03 1.918172e-01
-5.151162e-01 -6.048181e-01 1.777412e-01
4.906475e-01 -6.401573e-01 -2.211637e-01
1.732114e-02 -6.542731e-01 5.397342e-01
-4.083221e-01 -7.913892e-01 -2.421982e-02
-1.609875e-01 -9.601015e-01 1.462047e-01
-5.185008e-01 -6.449555e-01 7.425215e-02
-3.600618e-01 -1.484249e-02 4.818376e-01
-5.640337e-01 -4.145637e-01 2.532975e-01
5.404211e-01 -6.289682e-01 1.581703e-01
-3.894281e-02 5.991638e-01 5.243145e-02
5.313822e-02 -1.348564e-01 -6.440595e-01
1.108357e-01 -5.095316e-01 -6.114081e-01
5.809765e-01 -4.908667e-02 -2.369320e-01
-1.413370e-01 -7.777711e-01 4.345329e-01
4.467871e-01 1.534119e-01 3.128863e-01
5.373550e-01 1.123389e-01 -1.634862e-01
5.242745e-01 -7.934898e-02 -3.721169e-01
6.408840e-01 -3.636554e-01 1.697974e-01
6.268876e-01 -4.087104e-01 -1.479966e-01
4.803942e-01 -3.624409e-01 4.727589e-01
-4.481410e-01 -7.372157e-01 9.511718e-02
-5.393659e-01 -6.035837e-01 -1.720472e-01
3.823602e-01 6.020307e-01 -1.410681e-01
1.324573e-01 -8.589617e-01 3.716390e-01
5.877856e-01 -5.202429e-01 -1.311334e-01
-3.385595e-01 3.579812e-01 -3.730725e-01
4.046389e-01 -5.939077e-01 4.342143e-01
-1.129262e-01 -7.510726e-01 -4.343537e-01
1.758001e-01 1.783585e-01 4.658105e-01
-3.802897e-01 3.556518e-01 -2.286298e-01
-8.778059e-02 8.711065e-01 -5.263949e-01
2.096459e-02 -4.401274e-01 6.323926e-01
5.642725e-01 -5.087950e-01 -2.370514e-01
6.543029e-01 -3.054602e-01 1.182519e-01
2.347319e-01 4.298741e-01 1.652382e-01
-2.334777e-01 -4.708875e-01 5.770843e-01
-5.327762e-02 9.126574e-01 -2.059330e-01
9.367378e-02 -9.522970e-01 -1.040765e-01
1.929224e-02 -8.234433e-01 -3.645712e-01
-2.435917e-01 -6.676920e-01 -4.721020e-01
5.462346e-01 -2.095764e-01 -3.937584e-01
-1.140610e-01 -3.311632e-01 -6.480016e-01
4.903489e-01 2.800259e-02 3.717385e-01
4.379473e-01 1.426509e-02 -4.392913e-01
2.679808e-02 -9.176148e-01 3.352048e-01
3.936887e-01 -2.014534e-01 -5.507043e-01
-2.332388e-01 -7.645712e-01 -3.681549e-01
3.221340e-02 7.244139e-01 -6.480215e-01
9.976604e-02 3.465332e-01 3.070131e-01
9.363395e-02 8.552088e-02 -6.013140e-01
-3.029416e-01 -8.718431e-01 1.461052e-01
-4.999452e-01 -6.632522e-01 -1.667115e-01
-1.784680e-01 4.853417e-01 -5.533523e-01
3.093922e-01 7.327360e-01 -5.670101e-01
2.455428e-01 -8.881290e-01 -1.392166e-01
5.373749e-01 -2.375093e-01 4.177891e-01
-5.040068e-01 -1.251207e-01 3.959882e-01
-6.014633e-01 -3.091832e-01 -3.230999e-01
-2.565129e-01 6.540740e-01 -3.649296e-01
4.382460e-01 2.858693e-01 -2.863870e-01
2.100443e-01 6.321219e-03 5.705141e-01
-4.329301e-01 -4.171121e-01 -5.129760e-01
6.145438e-01 -4.701906e-01 1.654572e-01
-2.549201e-01 -9.218157e-01 1.013091e-01
2.979443e-01 8.373600e-01 -5.296402e-01
1.171470e-01 6.055348e-01 -6.495944e-01
2.862974e-02 -1.196854e-01 6.437210e-01
3.820815e-01 -3.717187e-01 5.467025e-01
3.556816e-01 1.181723e-01 4.277039e-01
-2.797272e-02 1.062466e-01 -6.031855e-01
-5.388681e-01 -2.943109e-01 -4.344334e-01
-3.464238e-02 9.418844e-01 -2.949878e-01
8.515254e-02 -3.847195e-01 -6.449356e-01
-5.229804e-01 1.365885e-01 -1.574536e-01
3.499676e-01 -4.518443e-02 -5.414464e-01
4.182569e-01 3.608282e-01 9.188194e-03
2.781146e-01 2.893535e-01 -5.299587e-01
5.041461e-01 -1.004928e-01 4.285998e-01
4.574785e-01 -1.404709e-01 4.872330e-01
2.227067e-01 5.883218e-03 -5.882734e-01
2.838087e-01 9.122592e-01 -2.961227e-01
6.126922e-01 -1.869793e-01 -2.490170e-01
-2.006471e-01 -1.560799e-01 6.177790e-01
-4.861480e-01 1.918371e-01 4.549261e-03
-4.454532e-01 -2.070081e-01 -5.268927e-01
3.362500e-01 2.332885e-01 3.299089e-01
-1.584790e-01 6.084217e-01 -3.234285e-02
4.193918e-01 -6.518441e-01 -3.483650e-01
-3.105072e-01 -8.403066e-01 -1.490916e-01
3.867403e-01 -7.786272e-01 -1.825793e-01
5.018167e-01 1.874969e-01 1.539694e-01
-4.188741e-01 -6.623762e-01 -3.354637e-01
-9.560497e-02 -9.319695e-01 2.869444e-01
-4.836992e-01 -4.914738e-01 3.498183e-01
5.648299e-02 8.275845e-01 -6.411827e-02
3.190284e-01 -8.562142e-01 -9.117518e-02
3.987258e-01 2.981335e-01 1.699567e-01
-2.659897e-01 5.250211e-01 -1.005923e-01
-6.479718e-01 -1.524563e-01 4.270537e-03
-4.824055e-02 6.488975e-01 -6.270967e-01
1.039868e-01 7.914290e-01 -6.397193e-01
5.029116e-02 -9.919367e-01 1.079986e-01
4.035439e-01 -8.058434e-01 6.560113e-03
-3.533523e-01 -8.421781e-01 -9.258454e-04
-3.882336e-01 2.838385e-01 -3.201334e-01
-9.855161e-02 -7.255289e-01 4.811806e-01
-2.696730e-01 -8.066000e-01 -2.751581e-01
1.921457e-01 -2.221990e-01 -6.361754e-01
-6.199392e-01 -2.290478e-01 1.954009e-01
-3.946045e-01 -5.233289e-01 -4.940819e-01
-4.660793e-01 -2.882385e-01 -5.144294e-01
4.209447e-01 3.875865e-01 -3.222239e-01
-1.404211e-01 7.456771e-01 -5.592853e-01
-2.414414e-01 2.765517e-01 2.852720e-01
-7.274904e-02 9.245831e-01 -3.648500e-01
-3.538898e-01 3.831068e-01 -9.358420e-02
-2.096463e-02 4.003683e-01 -6.154696e-01
4.371908e-01 2.898511e-01 1.020059e-01
-2.570305e-01 -6.922204e-01 4.411627e-01
-2.705490e-01 -7.937186e-01 3.384500e-01
2.275447e-01 -8.942412e-01 2.474242e-01
2.795680e-01 -7.803594e-01 -3.244737e-01
4.637698e-01 2.943308e-01 -1.600020e-01
-1.034095e-01 -3.500772e-01 6.407745e-01
-1.339904e-01 8.079538e-01 -1.538500e-01
2.390523e-01 -5.839729e-01 5.351749e-01
-3.058086e-01 -3.931014e-01 -5.940073e-01
4.033050e-01 -3.071126e-01 -5.496491e-01
5.893783e-01 -4.407048e-01 -2.479021e-01
-4.934349e-01 5.054001e-02 -3.579215e-01
3.586481e-01 1.799313e-01 -4.573491e-01
2.033945e-01 7.013190e-01 -1.245339e-02
-3.033995e-01 5.075805e-01 -3.427903e-01
-5.705838e-01 -4.800856e-01 -2.891743e-01
-2.485093e-01 -2.306008e-01 -6.256234e-01
2.907172e-01 -8.823354e-01 -1.328956e-02
2.014829e-02 9.226917e-01 -1.735603e-01
-2.797670e-01 -9.579416e-02 -5.966353e-01
5.059977e-01 -5.265144e-01 3.679558e-01
7.089742e-02 -9.508437e-01 2.626748e-01
-1.938779e-01 5.126773e-01 2.294561e-02
5.444826e-01 -5.925937e-01 2.223184e-01
3.283858e-01 -6.393910e-02 5.500472e-01
6.952364e-02 9.563187e-01 -2.651635e-01
-2.719426e-01 5.511920e-02 4.960330e-01
4.254243e-01 -4.322234e-01 -5.030014e-01
-1.302275e-01 -8.909163e-01 3.414762e-01
-3.790951e-01 3.090438e-01 3.252200e-02
6.527102e-01 -2.390424e-01 1.270917e-01
-4.832014e-01 -6.162961e-02 3.907520e-01
-5.295899e-03 4.962122e-01 1.450898e-01
1.534816e-01 5.506246e-01 -6.379274e-01
-2.671246e-01 1.999004e-01 3.666816e-01
-6.588423e-01 -3.107959e-01 -4.291477e-02
3.860634e-01 3.512518e-01 -4.049873e-01
4.557463e-01 -2.640486e-01 5.058683e-01
1.986959e-01 -4.070778e-01 -6.248868e-01
2.087104e-01 9.375839e-01 -2.352994e-01
1.422328e-01 2.542929e-01 -5.911602e-01
2.719028e-01 -1.033995e-01 -5.963765e-01
6.005873e-01 -5.262556e-01 1.193868e-01
6.755261e-02 -6.042805e-01 -5.658156e-01
-2.205764e-01 -5.337017e-01 5.594445e-01
6.457020e-01 -2.454930e-01 -1.260366e-01
-2.637996e-02 -8.582649e-01 -3.087253e-01
3.723657e-01 8.200985e-01 -3.603106e-01
1.027724e-01 -6.111095e-01 5.565975e-01
-2.340948e-01 7.264049e-01 -3.099995e-01
-3.331243e-01 1.119009e-01 4.092280e-01
-3.172764e-01 -1.832562e-01 -5.979693e-01
-1.829277e-01 -3.448609e-01 -6.382062e-01
-2.236225e-01 2.378478e-01 -5.374845e-01
2.910358e-01 -7.195361e-01 -3.927231e-01
6.591409e-01 -2.097954e-01 8.511260e-03
-3.349360e-01 1.579513e-01 3.594345e-01
-5.187597e-01 -1.827585e-01 -4.499030e-01
-5.897765e-01 -2.486785e-01 -3.514509e-01
4.550097e-01 3.113135e-01 -2.111395e-02
-3.594246e-01 2.216614e-01 -4.238415e-01
-5.044647e-01 -5.548654e-01 -3.426709e-01
5.919068e-01 -5.529939e-01 5.492010e-02
-2.348316e-01 6.543227e-02 -5.708327e-01
3.159026e-01 -1.920761e-01 -5.927729e-01
-4.757553e-01 -1.091135e-01 -4.760639e-01
-1.069932e-01 6.926783e-01 -5.962969e-01
4.854910e-01 -3.374546e-01 -4.755065e-01
3.971728e-01 -5.390475e-02 5.050520e-01
2.014633e-01 3.444826e-01 -5.829376e-01
4.050968e-01 7.037280e-01 -3.509930e-01
2.554374e-02 5.660743e-01 9.240952e-02
5.664227e-02 9.662337e-01 -3.927430e-01
5.797023e-01 -1.140312e-01 -2.914241e-01
-4.426260e-01 2.107511e-01 -2.777463e-01
-7.127560e-03 -2.593898e-01 6.536559e-01
-4.190932e-01 -3.416953e-01 4.944004e-01
-2.320841e-01 -3.968245e-01 -6.186750e-01
5.605495e-01 -3.986561e-01 3.587974e-01
-3.138122e-01 -4.269474e-01 5.513812e-01
-2.958738e-01 -8.797870e-01 -5.246151e-03
3.885919e-01 -2.666368e-01 5.520780e-01
5.002041e-01 -6.777662e-01 1.851277e-01
3.976108e-01 -1.281868e-01 -5.323080e-01
-1.751232e-01 8.182669e-01 -2.427654e-01
1.375740e-01 -9.524364e-01 2.130406e-01
-1.365786e-02 3.266836e-01 3.248917e-01
1.613658e-01 6.872430e-01 -6.469663e-01
-1.882236e-01 -9.341994e-01 2.077248e-01
2.087303e-01 8.992186e-01 -4.661689e-01
-1.164701e-02 -7.027724e-01 -4.959534e-01
-6.378577e-01 -4.122941e-01 -2.750489e-02
2.342143e-01 5.956796e-01 -6.162461e-01
-5.018566e-01 -2.791399e-01 4.174904e-01
2.853218e-01 2.267582e-01 3.715395e-01
-9.381314e-02 -9.746553e-01 1.294809e-01
-1.116321e-01 -2.709173e-01 6.450151e-01
-3.070031e-01 -1.266338e-01 5.666716e-01
4.631128e-01 -5.188691e-01 -4.196606e-01
5.664825e-01 -5.791549e-01 -7.707930e-02
3.009706e-01 -3.998109e-01 -5.921756e-01
4.668558e-01 -1.155045e-01 -4.648549e-01
-2.076153e-01 6.019710e-01 -8.601862e-02
2.191031e-01 -9.265940e-01 5.106711e-03
2.009457e-01 -4.887860e-01 5.900851e-01
1.145389e-01 -9.185705e-01 -1.923349e-01
3.123787e-02 5.795132e-01 -6.441392e-01
-5.765169e-01 -3.979792e-01 -3.437062e-01
-5.031108e-01 9.840225e-02 2.021104e-01
-2.988404e-02 8.967099e-01 -5.270917e-01
9.058782e-02 9.037380e-01 -4.707481e-01
5.155542e-01 -4.504206e-01 -3.946543e-01
1.533025e-01 -9.400129e-01 -8.733267e-02
4.142352e-01 5.530934e-01 -3.346673e-01
-8.666569e-02 4.187049e-01 1.992832e-01
5.090438e-01 -6.921806e-01 6.399882e-02
4.866258e-01 2.276342e-01 1.041959e-01
-5.548554e-01 -6.744314e-02 -3.487233e-01
4.254044e-01 1.936887e-01 -3.578418e-01
5.386292e-01 2.976450e-03 -2.874024e-01
-3.573740e-01 -7.201732e-01 3.236574e-01
-1.026927e-01 1.733114e-02 5.803892e-01
-6.404857e-02 -4.106814e-01 -6.420686e-01
-3.267136e-02 -9.518391e-01 -1.280872e-01
-1.186203e-01 8.764820e-01 -4.719427e-01
-4.128814e-01 -6.249266e-01 -3.911105e-01
-5.711612e-01 -2.668160e-01 3.105769e-01
3.841322e-01 -7.781693e-01 2.337664e-01
-4.459709e-01 2.103728e-01 1.116818e-01
3.049724e-01 -2.898313e-01 -6.035638e-01
-6.224080e-01 -4.140162e-02 3.343783e-02
-1.021951e-01 -6.408143e-01 -5.375840e-01
-9.554527e-02 4.690956e-01 -6.006968e-01
9.964659e-02 4.227465e-01 2.228162e-01
-4.168036e-01 -5.541486e-01 4.021203e-01
-1.829874e-01 3.644916e-01 -5.533124e-01
2.257723e-02 -3.785675e-01 -6.478224e-01
-5.455212e-03 -4.574188e-02 6.224579e-01
3.896471e-01 4.370415e-01 -2.726599e-02
6.378179e-01 -4.141257e-01 1.207207e-01
3.126375e-01 8.856204e-01 -4.174506e-01
-2.514559e-01 -8.535663e-01 -2.016127e-01
-2.265492e-01 -6.564432e-01 4.852421e-01
-4.123240e-01 -7.716788e-01 -1.112837e-01
4.913245e-01 -1.918172e-01 -4.601762e-01
3.569359e-01 5.375840e-01 -4.903390e-01
-3.261162e-01 -6.716739e-01 4.035936e-01
-3.548255e-01 2.924792e-01 1.200637e-01
-3.130357e-01 -6.307401e-01 -4.710468e-01
-1.887810e-01 -5.457270e-01 -5.784580e-01
3.430790e-01 4.055646e-01 -4.830521e-01
1.364591e-01 9.299188e-01 -3.674979e-01
-5.614056e-01 -1.518192e-01 3.180628e-01
-6.280225e-01 -1.253596e-01 1.284854e-01
-4.117864e-01 -8.976160e-02 4.793291e-01
-6.122343e-01 -6.395899e-02 -2.025883e-01
4.271564e-01 -6.325917e-01 3.808173e-01
6.168533e-01 -7.897070e-02 -1.473197e-01
1.976009e-01 -5.722463e-01 -5.609377e-01
2.725399e-01 -4.652332e-01 5.736598e-01
-8.148926e-02 -8.490371e-02 -6.341447e-01
-6.104823e-01 3.683200e-04 -2.300532e-02
-2.895625e-01 4.191924e-02 -5.532527e-01
3.302970e-02 5.179135e-01 -6.386641e-01
4.522821e-01 2.084217e-01 2.292668e-01
-2.777365e-02 7.751431e-01 -6.239909e-01
-3.745558e-01 -2.590513e-01 -5.761884e-01
-6.749302e-03 8.677219e-01 -1.145886e-01
-1.536608e-01 1.466228e-01 4.752874e-01
3.600020e-01 3.934000e-01 8.581952e-02
3.726245e-01 6.364040e-02 4.579264e-01
5.144194e-01 1.150067e-01 2.555871e-01
-6.353093e-01 -1.846100e-01 -2.192126e-01
-3.058882e-01 -4.834901e-01 -5.663929e-01
2.971679e-01 3.168882e-01 2.574984e-01
-5.815739e-01 -5.335623e-01 6.194814e-02
2.858394e-01 5.998805e-01 -5.831567e-01
6.410831e-01 -1.552237e-01 -1.092728e-01
-4.405954e-02 -5.254193e-01 -6.090190e-01
-5.394256e-01 -3.476482e-01 3.399831e-01
-6.138669e-01 -4.184262e-01 1.132547e-01
3.992036e-01 -4.635210e-01 5.070828e-01
-3.792745e-02 6.493453e-02 5.628092e-01
-5.078493e-01 1.056891e-01 -2.711762e-01
1.496590e-01 6.341645e-01 4.211834e-02
3.212583e-01 7.653476e-01 -1.396347e-01
5.745856e-02 1.555025e-01 5.039769e-01
1.030909e-01 -9.844109e-01 5.573639e-02
3.349559e-01 -1.557016e-01 5.708924e-01
2.596983e-01 4.612314e-01 1.186302e-01
-4.647056e-01 6.981232e-02 3.085859e-01
6.170325e-01 -4.611120e-01 -1.112638e-01
-2.561943e-01 3.364989e-01 1.807874e-01
-1.521477e-01 -9.208402e-01 -1.442935e-01
-4.188343e-01 1.959982e-01 1.964362e-01
-4.435021e-01 -6.925788e-01 -2.488378e-01
4.089194e-01 -5.518192e-01 -4.539645e-01
-6.570111e-03 -8.108208e-01 4.404061e-01
-2.950376e-01 -7.350854e-01 -3.664825e-01
-6.348116e-01 -1.026032e-01 5.513911e-02
2.208551e-01 -9.354537e-01 8.163850e-02
-2.912548e-01 1.371460e-01 -5.218158e-01
2.250560e-01 3.097805e-01 3.090239e-01
-2.214325e-01 -3.469912e-01 6.118859e-01
3.611567e-01 -5.202628e-01 5.075804e-01
2.783933e-01 5.003136e-01 -5.711712e-01
8.142947e-02 -8.952168e-01 -2.475238e-01
1.749639e-01 -2.964611e-01 6.347220e-01
4.978149e-01 -6.155294e-01 2.973968e-01
4.282116e-01 4.433726e-01 -1.932507e-01
-1.903937e-01 3.705639e-01 1.968941e-01
3.660146e-01 -7.553930e-01 -2.720522e-01
-6.421782e-01 -2.221592e-01 9.848191e-02
3.876163e-01 -8.153402e-01 1.083370e-01
-1.614852e-01 5.610173e-01 6.440702e-03
-1.980389e-01 -1.976706e-01 -6.350008e-01
-1.069733e-01 3.050421e-01 -5.847693e-01
3.113036e-01 -8.696730e-01 9.740676e-02
2.205963e-01 6.559155e-02 -5.738191e-01
3.534916e-01 3.561296e-01 1.470011e-01
-9.652081e-02 2.327709e-01 4.128316e-01
-4.429844e-01 1.538500e-01 -3.488826e-01
-2.022797e-01 6.538748e-01 -5.079986e-01
2.739535e-01 -7.951521e-01 3.319595e-01
-7.874176e-02 -1.848091e-01 -6.468469e-01
-2.377184e-01 4.160768e-01 8.771088e-02
-1.941765e-01 -7.045045e-01 -4.580061e-01
2.199990e-02 3.713090e-03 6.005773e-01
3.151859e-01 -6.879797e-01 4.282415e-01
6.387736e-01 -8.830822e-02 -2.905782e-02
-7.507837e-02 -1.456871e-01 6.423075e-01
7.866207e-02 -2.428849e-01 6.499725e-01
2.714051e-01 -2.649047e-01 6.071474e-01
-1.841820e-01 8.223085e-01 -4.165945e-01
-6.546812e-01 -2.971181e-01 -1.391569e-01
-6.396894e-01 -3.893982e-01 -1.364492e-01
-1.493804e-01 -8.375591e-01 -3.041262e-01
-9.391268e-02 -4.858894e-02 6.131003e-01
-4.964213e-01 1.338609e-01 1.547857e-01
-5.763776e-02 1.956995e-01 -5.929322e-01
6.038325e-01 -5.242646e-01 -9.685942e-03
-3.740979e-01 -8.184859e-01 9.874068e-02
-2.386143e-01 -7.621025e-01 3.907520e-01
-4.583744e-01 2.270569e-01 -1.923349e-01
2.315664e-01 -2.986711e-01 -6.288488e-01
2.771788e-01 8.666069e-01 -1.748345e-01
1.679359e-01 -9.590065e-01 1.310138e-01
4.561047e-01 -4.111299e-03 4.323030e-01
3.680852e-01 4.672042e-01 -4.580857e-01
6.450660e-03 2.211836e-01 4.446270e-01
5.682743e-01 -4.071471e-03 2.721915e-01
5.439649e-01 -4.803245e-01 -3.208103e-01
4.065701e-01 -7.094221e-01 -2.861481e-01
-5.640337e-01 -5.791150e-01 -6.941419e-02
4.923398e-01 -6.043004e-01 -2.816884e-01
-3.824399e-01 -3.669006e-01 -5.620129e-01
-4.640088e-01 -3.466926e-01 -5.073615e-01
2.217311e-01 8.059031e-01 -6.063312e-01
-4.419890e-01 2.491165e-01 -6.978279e-03
-3.651984e-01 1.364890e-01 -4.656513e-01
4.653029e-01 1.352745e-01 -3.201533e-01
4.533771e-01 -7.510527e-01 1.301578e-01
-3.384870e-04 -9.665721e-01 2.141954e-01
4.721119e-01 2.028470e-01 -2.444577e-01
-5.927031e-01 -5.069036e-01 -1.719277e-01
-1.211886e-01 -5.334229e-01 5.900453e-01
-2.639192e-01 -9.113235e-01 4.432826e-02
5.743268e-01 -1.676472e-01 3.493206e-01
-3.034393e-01 -8.194216e-01 2.692250e-01
-2.311682e-01 7.250709e-01 -3.864118e-01
1.380518e-01 3.780101e-01 -6.093176e-01
-6.858797e-02 1.990244e-01 4.532278e-01
3.528147e-01 -6.353790e-01 -4.365836e-01
6.677615e-02 -7.218257e-01 4.924294e-01
2.145040e-01 9.347369e-01 -3.596536e-01
-5.362401e-01 -3.774128e-01 -4.201782e-01
2.589617e-01 2.128615e-01 -5.363695e-01
1.415559e-01 1.325469e-01 -5.867005e-01
-4.964412e-01 -5.076203e-01 -3.990344e-01
6.492457e-02 -2.274750e-01 -6.513066e-01
-5.332936e-01 4.651835e-02 2.137574e-01
-3.418447e-02 1.262356e-01 5.210990e-01
6.703499e-02 -4.747101e-01 -6.273755e-01
-1.887213e-01 -3.733041e-03 5.691802e-01
-4.841770e-01 -6.174805e-01 2.371310e-01
3.757105e-01 7.164302e-01 -1.993231e-01
-4.109502e-01 -7.751033e-01 1.183515e-01
5.345279e-01 -8.132000e-02 3.805584e-01
1.933199e-02 -9.926335e-01 -2.318451e-02
2.072968e-01 5.595042e-01 7.156436e-02
4.478224e-01 -5.420835e-01 4.282016e-01
2.456821e-01 1.881539e-01 4.305112e-01
3.280474e-01 8.285202e-01 -1.976109e-01
7.233087e-02 -8.044896e-01 4.342740e-01
1.608676e-02 -5.023244e-01 -6.193918e-01
5.548753e-01 1.311532e-01 8.151909e-02
2.583843e-01 1.001543e-01 4.996167e-01
-5.873675e-01 6.440667e-03 1.263949e-01
-4.488378e-01 -2.557862e-01 4.792693e-01
1.823503e-01 2.760340e-01 3.655866e-01
2.494646e-02 8.854810e-01 -5.661739e-01
3.442935e-01 -5.982281e-01 4.750286e-01
3.479169e-01 5.615549e-01 -5.559707e-02
-3.037181e-01 8.451519e-03 5.067642e-01
-3.603007e-01 -7.767558e-01 2.402369e-01
-7.286874e-03 3.120103e-01 -6.064507e-01
-1.477478e-01 1.419641e-01 -5.804092e-01
5.425912e-01 -6.287293e-01 -4.148128e-02
4.624160e-01 -4.548803e-01 4.588223e-01
-4.414713e-01 -1.717884e-01 4.798069e-01
-2.096660e-01 7.320392e-01 -2.131601e-01
3.365487e-01 6.124633e-01 -5.353542e-01
1.202727e-01 7.843313e-02 5.540291e-01
5.281170e-01 1.840526e-01 2.977451e-02
-3.991439e-01 -7.528047e-01 -2.066498e-01
3.980688e-01 2.701010e-01 -3.853367e-01
2.801652e-01 -6.021502e-01 -5.055498e-01
-3.160619e-01 -2.829625e-01 5.755910e-01
-3.681255e-02 -9.974117e-01 7.032998e-02
1.598723e-02 -7.636355e-01 -4.362053e-01
-3.835748e-01 1.812752e-02 4.417600e-01
-1.743468e-01 -5.668907e-01 5.620327e-01
1.204518e-02 6.419093e-01 3.875362e-02
-2.775571e-01 5.974516e-01 -2.820069e-01
-3.846502e-02 3.704145e-02 -6.147529e-01
-4.035638e-01 3.142203e-01 -9.722765e-02
1.670798e-01 2.204071e-01 4.286595e-01
-2.944801e-01 3.520282e-01 1.043153e-01
6.472550e-01 -1.715893e-01 1.253596e-01
-5.316410e-01 1.324473e-01 -1.015281e-01
-7.605427e-03 -9.175949e-01 -2.112289e-01
1.096809e-01 -7.289135e-01 -4.603355e-01
5.646906e-01 4.685678e-02 -1.671893e-01
-1.525858e-01 -7.273008e-01 4.642377e-01
1.900951e-01 2.299636e-01 -5.730825e-01
2.809815e-01 -3.434672e-01 6.001593e-01
6.224080e-01 -1.282863e-01 2.196306e-01
5.474292e-01 -4.010851e-01 -3.688517e-01
5.390672e-01 -6.445573e-01 1.020257e-01
-5.530636e-01 -4.670250e-01 2.353989e-01
2.827136e-02 3.556318e-01 2.972774e-01
-4.880195e-01 -4.327809e-01 -4.557563e-01
-1.216067e-01 -4.562740e-01 -6.272162e-01
-8.447564e-02 6.821959e-02 -6.058335e-01
4.941118e-01 2.290478e-01 -1.208402e-01
3.913394e-01 -3.774725e-01 -5.456075e-01
-6.509980e-01 -2.113484e-01 3.471204e-02
-2.579065e-01 -5.028124e-02 5.643820e-01
-3.433577e-01 -7.850182e-01 -2.314569e-01
-3.207008e-01 4.754069e-01 -1.932507e-01
2.053656e-01 4.794883e-01 1.343786e-01
4.251854e-01 3.275397e-01 5.368571e-02
3.279279e-01 -5.395550e-01 -5.224728e-01
-1.272610e-01 8.955154e-01 -3.558509e-01
3.164004e-01 7.860534e-01 -5.423424e-01
1.309044e-01 -9.726445e-01 7.276876e-03
-5.179234e-01 -2.280126e-01 4.016823e-01
-4.633318e-01 1.622716e-01 -2.975960e-01
1.714797e-01 9.468219e-01 -3.258673e-01
1.851575e-01 7.975212e-01 -5.888210e-02
2.192026e-01 -1.001145e-01 6.060325e-01
-3.427007e-01 4.187049e-01 -2.952068e-01
3.133343e-01 -5.168782e-01 5.360509e-01
1.337912e-01 -6.329700e-01 -5.368474e-01
-6.332587e-01 -3.874272e-01 5.742869e-02
5.179234e-01 1.647006e-01 -1.466428e-01
-3.762913e-03 -6.049575e-01 -5.687223e-01
1.443830e-01 -3.767859e-02 -6.183366e-01
3.720273e-01 -8.072968e-01 1.854064e-01
-5.188791e-01 -3.110846e-02 3.226619e-01
5.207705e-01 -5.935494e-01 -2.227366e-01
-7.495896e-02 4.029565e-01 -6.029466e-01
9.765565e-02 -1.909611e-01 6.462296e-01
3.739784e-01 7.819919e-01 -4.369618e-01
-2.035140e-01 4.126126e-01 1.310935e-01
4.483599e-01 3.473894e-01 -9.292722e-02
4.515455e-01 1.114827e-01 3.485441e-01
4.018914e-01 5.484744e-01 -1.548455e-01
-6.793091e-02 -5.238465e-01 6.017321e-01
1.523667e-01 -6.788015e-01 5.046140e-01
2.914340e-01 -1.213479e-02 5.486536e-01
-4.069285e-01 -4.900403e-01 4.499427e-01
6.603355e-01 -3.245732e-01 4.844950e-02
-1.410980e-01 -9.747748e-01 9.720769e-02
1.502165e-01 7.567269e-01 -6.427057e-01
9.307650e-02 7.950923e-01 -3.939081e-02
1.481262e-02 4.092479e-01 2.362750e-01
-5.800408e-01 -4.376985e-01 1.978299e-01
4.658802e-01 -6.874819e-01 2.574386e-01
2.248569e-01 6.861480e-01 -6.273157e-01
3.838335e-01 7.077298e-01 -4.530885e-01
3.089936e-02 4.301130e-01 -6.260813e-01
-2.634015e-01 4.851625e-01 -4.191928e-02
-3.649793e-01 2.633017e-02 -5.150665e-01
-6.177891e-01 -4.714848e-01 -2.826144e-02
-3.426808e-01 -7.103579e-01 -3.570853e-01
-2.080733e-01 -4.454631e-01 -6.135583e-01
-1.804390e-01 -8.704893e-01 3.374545e-01
2.657309e-01 -6.985516e-01 4.481111e-01
-2.912947e-01 -2.230551e-01 5.886317e-01
1.321587e-01 3.002439e-01 3.530436e-01
6.539844e-01 -3.123488e-01 -7.333636e-02
-3.808073e-01 -4.800458e-01 -5.268130e-01
1.926833e-01 1.285451e-01 5.031606e-01
-4.769100e-01 2.115475e-01 -6.306308e-02
-3.553034e-01 4.070778e-01 -2.252053e-01
2.423174e-01 7.992534e-01 -8.792994e-02
-3.411080e-01 -8.310686e-01 1.477776e-01
-6.594196e-01 -2.540740e-01 -1.066050e-01
3.315315e-01 8.424568e-01 -4.705092e-01
-4.236723e-01 2.831616e-01 -1.934897e-01
-5.815739e-01 3.734009e-02 -1.504654e-01
-2.291971e-01 6.124434e-01 -4.766811e-01
-1.012991e-01 -9.714499e-01 -4.904686e-02
1.024339e-01 -3.391668e-01 6.439201e-01
3.891892e-01 5.789558e-01 -4.349112e-01
-1.893390e-02 -8.909761e-01 -2.567418e-01
-1.476881e-01 -4.536061e-01 6.110497e-01
1.504554e-01 8.960330e-01 -4.624459e-01
-2.316062e-01 6.778458e-01 -2.070081e-01
4.691653e-01 3.817630e-02 -3.850182e-01
5.447215e-01 9.069731e-02 2.169827e-01
3.125379e-01 5.397939e-01 5.903130e-03
5.252501e-01 -4.608730e-01 3.828082e-01
-2.149022e-01 5.933997e-02 5.214175e-01
-8.879602e-02 5.581703e-01 6.204767e-02
-5.722761e-01 -5.529541e-01 -1.532527e-01
-5.776119e-01 -5.101090e-01 1.261161e-01
5.527450e-01 1.141904e-01 -9.607288e-02
6.012045e-01 -8.750195e-03 -1.136529e-01
4.178786e-01 -1.133144e-01 5.108655e-01
5.843611e-01 -2.943905e-01 -3.292718e-01
3.462247e-02 9.472599e-01 -3.280972e-01
5.386491e-01 -3.077099e-01 -4.107611e-01
-4.295455e-01 1.572147e-01 2.457319e-01
-2.014832e-01 1.923149e-01 -5.542681e-01
5.330347e-01 4.317354e-02 2.987507e-01
5.230003e-01 1.452690e-01 1.785775e-01
7.736798e-02 -5.481758e-01 -5.966353e-01
-5.050221e-01 -2.885372e-01 -4.779354e-01
2.570106e-01 7.169081e-01 -4.964413e-02
2.463790e-01 -7.787467e-01 3.774725e-01
-1.483252e-01 -6.242895e-01 5.378029e-01
2.924689e-02 2.267383e-01 -6.006371e-01
1.338112e-01 -2.664178e-01 -6.467672e-01
-5.654273e-01 -2.684087e-01 -3.965657e-01
-2.659897e-02 -4.625056e-01 6.255437e-01
-4.703997e-01 -7.161316e-01 5.187393e-02
6.371233e-04 9.081977e-01 -4.815191e-01
5.867303e-02 9.448907e-01 -2.052760e-01
9.582399e-02 8.603156e-01 -8.719330e-02
2.552187e-01 -5.066050e-01 -5.751531e-01
-5.080285e-01 1.325270e-01 -2.255836e-01
3.076601e-01 6.365736e-01 -4.564235e-02
5.670599e-01 -2.889951e-01 3.719177e-01
3.995023e-01 6.942511e-01 -2.498731e-01
1.375541e-01 -4.138868e-01 6.273954e-01
4.347220e-01 3.847394e-01 -2.543925e-01
-4.636305e-01 -6.544124e-01 -2.791001e-01
-3.934100e-01 3.152357e-01 -2.598875e-01
-5.587776e-01 2.352297e-02 -2.526405e-01
4.813299e-01 -7.246927e-01 1.082071e-02
-1.392464e-01 9.019957e-02 5.238664e-01
5.643920e-01 -5.912101e-02 3.200338e-01
1.520282e-01 -1.791150e-01 6.378079e-01
2.381962e-01 1.323080e-01 -5.530138e-01
4.206062e-01 4.471156e-01 -1.414464e-01
-5.416554e-01 9.768553e-02 1.036384e-01
-1.469912e-01 -6.049575e-01 -5.551640e-01
-2.832114e-01 3.997511e-01 4.337260e-02
4.348813e-01 7.737790e-02 -4.079737e-01
2.018416e-01 -5.573142e-01 5.606589e-01
1.724155e-01 9.301975e-01 -1.927530e-01
-2.567916e-01 3.827286e-01 -4.893037e-01
1.957095e-01 -1.084764e-01 -6.211239e-01
-6.366035e-01 -9.754618e-02 -1.035389e-01
-1.782490e-01 6.029864e-01 -5.492111e-01
1.170275e-01 -3.692200e-02 6.112289e-01
-8.379871e-02 -8.706685e-01 3.813947e-01
-5.112339e-01 -6.673735e-01 -4.733464e-02
1.879846e-01 3.562690e-01 2.715544e-01
-4.963018e-01 -1.720074e-01 4.217510e-01
-1.465335e-02 -1.485143e-01 6.483002e-01
1.003434e-01 -5.586482e-01 5.830570e-01
4.024090e-01 4.021005e-01 -3.762381e-01
3.473794e-01 4.562540e-01 3.071021e-02
3.190881e-01 3.367378e-01 -4.971082e-01
2.189836e-01 4.751082e-01 -6.020109e-01
-3.704943e-01 2.565029e-01 -3.805784e-01
-5.630979e-01 -2.140561e-01 3.294709e-01
-3.385795e-01 -5.228510e-01 4.956348e-01
-1.943358e-01 5.356727e-01 -5.382808e-01
-7.840326e-02 6.025683e-01 -6.144742e-01
-3.521378e-01 2.078443e-01 2.778458e-01
-5.309840e-01 -6.090190e-01 1.109053e-01
3.089936e-02 -6.795580e-01 -5.145886e-01
6.547011e-01 -1.653576e-01 3.499077e-02
-6.052859e-01 -1.858046e-01 2.344831e-01
2.721815e-01 -8.883878e-01 -7.106666e-02
6.016425e-01 -2.076452e-01 3.022547e-01
-2.337962e-01 -2.031258e-01 6.120651e-01
-2.304315e-01 1.387984e-01 4.505400e-01
-2.858394e-01 5.599223e-01 -2.243890e-01
-1.128863e-02 2.935145e-01 3.645513e-01
6.344532e-01 -3.417749e-01 -1.730028e-01
2.133891e-01 4.033946e-01 2.054551e-01
-5.549549e-01 -5.932905e-01 3.148668e-02
-1.408193e-01 -9.529142e-01 1.992435e-01
-2.633617e-01 3.006620e-01 2.295853e-01
4.469464e-01 -6.940720e-01 -2.301628e-01
-1.633368e-01 4.363844e-01 -5.636056e-01
-2.652929e-01 -4.661792e-02 -5.905231e-01
-1.074312e-01 -8.149420e-01 4.229655e-01
-6.218704e-01 -1.454084e-01 -2.498930e-01
3.485541e-01 1.867204e-01 3.707232e-01
2.084316e-01 -7.904535e-01 -3.562093e-01
-5.029715e-01 -6.076054e-01 -2.776268e-01
4.964611e-01 2.307202e-01 4.191928e-02
4.715544e-01 -7.079886e-01 -1.224329e-01
9.241948e-02 -1.679857e-01 -6.452541e-01
5.768155e-01 8.153897e-02 -4.124238e-02
-5.538201e-01 -8.245485e-02 2.966801e-01
-4.329899e-01 -2.579961e-01 -5.395351e-01
2.573092e-01 -4.257630e-02 -5.879150e-01
-1.336121e-01 2.896793e-03 -6.140959e-01
-2.332188e-01 4.865960e-01 3.016276e-03
-4.085610e-01 -2.794784e-01 5.133144e-01
-6.065999e-01 -1.204619e-01 2.006570e-01
-6.135483e-01 -4.650142e-01 -1.514011e-01
6.511771e-01 -3.873078e-01 3.445319e-02
2.594794e-01 -8.419193e-01 -2.448360e-01
5.909112e-02 1.812652e-01 -5.976905e-01
-4.214822e-02 7.739485e-01 -5.734908e-02
-1.883429e-02 -2.013339e-01 6.524413e-01
-3.952021e-02 -8.005077e-01 -3.904933e-01
-3.000747e-01 9.826289e-02 4.456423e-01
-4.374098e-01 -5.502464e-01 -4.374397e-01
-5.534795e-03 -8.926883e-01 3.657458e-01
5.701259e-01 -5.798716e-01 1.465233e-01
5.614852e-01 -2.753970e-01 -3.734309e-01
2.932457e-01 -8.271664e-01 2.601662e-01
2.965706e-01 4.152107e-02 -5.438953e-01
-1.180827e-01 -6.617590e-01 5.214175e-01
-6.490269e-01 -1.778607e-01 -1.379424e-01
-1.845204e-01 8.350107e-01 -3.673784e-01
8.212632e-02 1.347568e-01 -5.966353e-01
4.036633e-01 1.123884e-02 -4.765418e-01
1.146185e-01 6.686874e-01 -6.532179e-01
-5.923449e-01 -2.737246e-01 2.651236e-01
2.214324e-01 6.569210e-01 3.832573e-03
-1.881042e-01 2.192723e-01 3.909711e-01
1.384898e-01 4.467772e-01 -6.214823e-01
-4.014334e-01 -6.149321e-01 3.751231e-01
-1.427509e-02 -4.046489e-01 6.400180e-01
5.663630e-01 -5.271714e-01 2.555074e-01
4.015728e-01 -7.038276e-01 3.342691e-01
-6.241999e-01 -3.452790e-01 -2.533771e-01
1.087452e-01 5.446916e-01 1.100094e-01
1.926634e-01 -4.575681e-01 -6.144343e-01
-6.607934e-01 -2.723110e-01 -1.032305e-02
-1.392663e-01 8.836892e-01 -3.026729e-01
5.013986e-01 -1.496292e-01 4.474143e-01
-2.651536e-01 6.356776e-01 -3.173859e-01
2.269643e-03 -6.962620e-01 5.133542e-01
-3.872381e-01 -1.496491e-01 -5.565577e-01
-3.396347e-01 -6.608432e-01 -4.224678e-01
3.155442e-01 5.010701e-01 -5.357523e-01
-4.368125e-01 -7.380519e-01 -1.521179e-01
2.041312e-01 -8.600369e-01 -2.555473e-01
-6.419990e-01 -3.058982e-01 7.994620e-02
-4.421885e-02 -3.640735e-01 6.456921e-01
8.652629e-02 8.841471e-01 -5.477776e-01
-2.123936e-01 -9.426808e-01 1.327659e-01
4.337664e-01 -7.309442e-01 -1.814643e-01
-3.384600e-01 -5.836345e-01 -4.946394e-01
3.102683e-01 -8.234433e-01 -2.195312e-01
4.390623e-01 3.840625e-01 -1.937286e-01
-3.279280e-01 -5.960579e-01 4.600965e-01
-5.471903e-01 -1.034792e-01 -3.825892e-01
-1.459364e-02 5.315514e-01 -6.318551e-01
5.777711e-01 -3.771739e-01 -3.187597e-01
-5.439450e-01 -6.146932e-01 -4.062519e-02
6.884674e-02 8.280822e-01 -6.255637e-01
1.093226e-01 -7.667612e-01 4.510975e-01
-5.840228e-01 -5.008710e-01 -2.208651e-01
-4.788811e-01 -7.119506e-01 -4.912651e-02
-5.196365e-03 -2.843960e-01 -6.536559e-01
-3.516201e-01 -4.406650e-01 5.221343e-01
-3.721866e-01 -8.560054e-02 5.090538e-01
-2.386939e-01 -8.355284e-01 -2.492559e-01
1.815937e-01 -1.736997e-01 -6.344433e-01
3.700562e-01 -1.880146e-01 5.571151e-01
6.388134e-01 -4.270669e-01 7.279874e-02
2.573889e-01 9.103877e-01 -4.348714e-01
2.524514e-02 7.188392e-01 -3.394613e-03
1.195560e-01 4.642178e-01 1.785775e-01
5.764770e-01 3.570753e-02 2.077845e-01
-1.834055e-01 1.002937e-01 -5.794734e-01
6.082325e-02 -8.909960e-01 3.594943e-01
1.229804e-01 8.686775e-01 -5.819820e-01
-6.078346e-02 6.938728e-01 -1.930216e-02
2.879697e-01 -8.631228e-01 -1.440147e-01
-3.814444e-01 -2.430043e-01 5.357523e-01
5.206311e-02 -5.362501e-01 6.005376e-01
-4.469066e-01 -7.417749e-01 -9.250910e-02
6.076950e-01 -3.584689e-02 1.921159e-01
1.996317e-01 -8.941616e-01 -1.861232e-01
4.071076e-01 1.744164e-01 3.333731e-01
2.129112e-01 -6.534767e-01 -4.966702e-01
7.464036e-02 5.738191e-01 8.944301e-02
3.873177e-01 -4.180678e-01 5.306157e-01
-4.504902e-01 2.248668e-01 5.183410e-02
2.577671e-01 7.299288e-01 -6.064108e-01
4.630133e-01 -4.189239e-01 -4.730775e-01
6.289184e-01 -2.209447e-01 -2.076452e-01
-1.690508e-01 7.817132e-01 -5.094321e-01
-5.475885e-01 -5.329849e-01 1.839928e-01
3.973719e-01 7.490617e-01 -3.335922e-01
-1.025733e-01 8.347917e-01 -5.560599e-01
-5.999702e-01 -5.111244e-01 -5.266028e-03
-1.193171e-01 8.488876e-01 -1.766861e-01
-4.335075e-01 5.685133e-02 3.615052e-01
-4.694042e-01 -6.673336e-01 1.979294e-01
4.643074e-01 1.686028e-01 2.696232e-01
4.276741e-01 -3.646110e-01 5.188492e-01
2.355283e-01 -6.272162e-01 5.122990e-01
-2.389926e-01 6.370713e-01 -1.807675e-01
-1.577025e-01 8.375391e-01 -4.679011e-01
3.864019e-01 -4.652133e-01 -5.208999e-01
-1.369170e-01 -8.738341e-01 -2.483202e-01
2.803643e-01 4.158379e-01 1.477378e-01
-5.368374e-01 -4.459211e-01 2.874819e-01
2.542830e-01 3.256483e-01 -5.526156e-01
3.044945e-01 -8.651337e-01 1.549450e-01
3.734408e-01 6.542929e-01 -1.538898e-01
5.988154e-01 -1.080185e-01 2.791996e-01
3.206013e-01 7.510824e-02 -5.176945e-01
5.610469e-02 1.948833e-01 4.705490e-01
1.125678e-01 -2.777861e-01 6.460106e-01
7.436164e-02 1.719178e-02 5.921556e-01
3.296401e-01 -8.299241e-02 -5.646409e-01
-6.302523e-01 -3.740282e-01 -2.122841e-01
-5.386492e-01 1.258772e-01 -7.197298e-03
5.972027e-01 -4.901996e-01 2.102931e-01
1.072918e-01 -6.903888e-01 -4.963516e-01
3.773232e-01 1.356528e-01 -4.491265e-01
-2.084316e-01 7.223832e-01 -4.717635e-01
-4.649445e-01 -1.263254e-02 3.809965e-01
-6.371014e-02 4.715644e-01 1.518790e-01
-5.269623e-01 -1.054207e-02 -3.513315e-01
4.173610e-01 5.338808e-01 -1.986063e-01
-8.720326e-02 -6.201085e-01 5.529939e-01
3.073416e-01 -1.017869e-01 5.721467e-01
-2.461202e-01 5.588074e-01 -4.664278e-01
3.039371e-01 6.871634e-01 -7.154449e-02
5.882037e-01 4.520430e-02 1.392961e-01
3.078791e-01 -7.643124e-01 3.480464e-01
1.696680e-01 4.608031e-02 5.630680e-01
3.545864e-02 -3.939774e-01 6.420288e-01
-1.159524e-01 -9.450301e-01 2.448360e-01
3.507640e-01 -7.984570e-01 -2.098751e-01
5.793603e-03 -5.532527e-01 5.938878e-01
5.829476e-01 -4.438306e-01 2.902692e-01
4.726693e-01 -6.167040e-01 3.388681e-01
5.275198e-01 1.799512e-01 -4.769303e-02
5.876462e-01 -7.933899e-03 2.279528e-01
5.282564e-01 8.916429e-02 -2.222587e-01
-3.048132e-02 4.153003e-01 2.202479e-01
-2.199994e-02 -7.710617e-01 4.633418e-01
6.488477e-01 -1.991638e-01 -9.053807e-02
2.603155e-01 3.910109e-01 1.919964e-01
-6.403664e-01 -2.357573e-01 -2.132796e-01
7.975709e-02 4.290453e-03 -6.187746e-01
-2.685182e-01 2.293265e-01 3.284356e-01
4.570603e-01 -3.046439e-01 -5.056891e-01
-5.819521e-02 8.203773e-01 -5.960580e-01
-2.050470e-01 7.945747e-01 -3.028919e-01
6.023792e-01 3.292021e-02 4.496537e-02
-2.546613e-01 -5.807476e-01 5.182121e-01
4.830820e-01 2.617988e-01 -1.960084e-02
5.455975e-01 -1.286049e-01 3.844209e-01
-2.018018e-01 3.030909e-01 2.788015e-01
-3.484744e-01 2.567020e-01 1.993430e-01
5.503957e-01 -5.087751e-01 3.093624e-01
2.816584e-01 7.758001e-01 -1.025235e-01
5.829675e-01 -1.915385e-01 -3.234185e-01
-1.600518e-01 -1.234284e-01 -6.332089e-01
4.168035e-01 5.877358e-01 -2.732866e-01
2.102429e-02 7.794634e-01 -3.851477e-02
2.407247e-01 2.570405e-01 3.624010e-01
2.703697e-02 -9.810860e-01 1.484744e-01
8.895522e-02 -8.534667e-01 3.909711e-01
1.048031e-01 6.506495e-01 3.883328e-02
5.969837e-01 3.477179e-02 -3.662340e-02
1.592355e-01 -3.829476e-01 -6.370315e-01
-2.216316e-01 -9.013090e-01 -1.164800e-01
2.652929e-01 6.243492e-01 -4.489560e-03
-4.598278e-01 2.355383e-01 -1.258773e-01
9.779501e-02 -8.702305e-01 -2.847544e-01
3.472401e-01 -6.380867e-01 4.460206e-01
6.124135e-01 -8.080236e-02 2.195311e-01
-2.012245e-01 -4.426559e-01 5.980489e-01
4.720521e-01 -5.527151e-01 -3.801205e-01
-6.558163e-02 2.718331e-01 3.790653e-01
-6.137475e-01 -7.025038e-02 1.393559e-01
5.539196e-01 -5.461251e-01 -2.095366e-01
5.652481e-01 1.012095e-01 1.169180e-01
-2.211936e-01 -3.174655e-01 -6.317555e-01
-5.866706e-01 -3.632970e-01 2.350803e-01
8.131003e-02 7.126673e-01 5.923007e-03
1.937584e-01 -6.542133e-01 5.092727e-01
5.360808e-01 -1.441143e-01 -3.861729e-01
5.579214e-01 -1.967349e-01 3.829874e-01
-6.046887e-01 -4.330318e-03 -1.302972e-01
8.009556e-02 -1.093525e-01 6.376487e-01
-3.042955e-01 2.209646e-01 -4.840078e-01
1.091235e-01 1.619531e-01 4.943208e-01
2.369419e-01 -3.648898e-01 6.119457e-01
-6.024987e-01 1.424518e-02 2.151208e-02
-2.246379e-01 4.636006e-01 4.345226e-02
-3.634264e-01 7.072819e-02 4.202976e-01
3.395152e-01 -4.173511e-01 5.588472e-01
3.302772e-01 -7.178239e-01 -3.648898e-01
3.830372e-01 -7.518690e-01 2.873824e-01
4.286496e-01 2.346025e-01 -3.344682e-01
-6.219501e-01 -3.337813e-02 -6.099252e-02
3.904435e-01 -8.176298e-01 6.125125e-02
-5.978797e-02 3.466926e-01 2.909063e-01
-2.656314e-01 -1.106466e-01 5.833358e-01
-5.013190e-01 1.526054e-02 3.095416e-01
3.984869e-01 5.008312e-01 -1.148475e-01
-2.032552e-01 6.502912e-01 -1.238067e-01
3.698571e-01 1.920263e-02 4.893235e-01
4.043203e-01 -2.472849e-01 -5.487333e-01
-3.800110e-01 -7.491016e-01 -2.494948e-01
-3.120602e-01 3.931014e-01 -4.062018e-01
-5.647305e-01 8.301228e-02 3.063063e-02
1.038674e-01 3.791648e-01 2.690856e-01
-5.320392e-01 -1.316709e-01 3.588174e-01
2.506794e-01 -9.031208e-01 -2.648952e-02
1.459758e-01 -9.066050e-01 3.032900e-01
7.611368e-02 -9.889503e-01 1.052211e-02
-2.612712e-01 9.438055e-02 4.725399e-01
4.899707e-02 4.727589e-01 -6.336668e-01
3.822579e-03 8.337365e-01 -6.100742e-01
-6.271864e-01 -4.135285e-01 -1.746951e-01
-4.604649e-01 1.798915e-01 1.442536e-01
-1.184608e-02 7.048828e-01 -6.396197e-01
-1.612065e-01 -9.083671e-02 6.129610e-01
6.121945e-01 -4.244189e-01 -1.925937e-01
-3.363894e-01 3.919068e-01 -5.099797e-02
5.653078e-01 -5.513613e-01 -1.580310e-01
3.631078e-01 -3.121497e-01 -5.734409e-01
4.865661e-01 -4.120950e-01 4.508785e-01
-3.957992e-02 -9.753123e-01 -7.809470e-02
9.871085e-02 9.057289e-01 -1.335424e-01
-4.965606e-01 -5.299388e-01 2.999850e-01
-4.725499e-01 -5.853268e-01 -3.583595e-01
-1.710216e-02 -1.000000e+00 2.794285e-02
-1.589767e-01 3.618237e-01 2.304813e-01
6.075556e-01 -2.797372e-01 -2.790404e-01
1.776119e-01 -9.410681e-01 -4.735456e-02
-3.100294e-01 -7.495396e-01 3.420138e-01
4.351600e-01 -8.707383e-02 -4.870539e-01
1.036285e-01 -4.467573e-01 6.258822e-01
-3.691802e-01 1.572943e-01 3.276989e-01
2.970882e-01 1.432382e-01 -5.164402e-01
-1.957692e-01 -6.960231e-01 4.713454e-01
-5.644716e-01 -2.804242e-02 2.313374e-01
4.910656e-01 -2.778657e-01 4.731770e-01
3.476183e-01 -2.736250e-01 5.736997e-01
-1.349659e-01 6.893734e-01 -6.899610e-02
4.595092e-01 -3.161316e-01 5.009307e-01
-5.549151e-01 7.594445e-02 -1.792544e-01
-3.499080e-01 -6.495446e-02 -5.565975e-01
3.126972e-01 2.325718e-01 -4.957145e-01
2.314270e-01 -1.724852e-01 6.167835e-01
2.985416e-01 -2.438405e-01 -6.050371e-01
-8.895526e-02 -7.989548e-01 -3.812354e-01
2.172118e-02 5.270320e-01 1.232691e-01
4.015330e-01 5.208601e-01 -3.940770e-01
1.111543e-01 -9.327858e-01 2.770892e-01
1.891792e-01 8.851227e-01 -1.348962e-01
3.128565e-01 2.881588e-01 -4.992584e-01
-2.638197e-01 -8.445672e-01 2.926384e-01
-2.987607e-01 -5.675477e-01 -5.258175e-01
-4.797969e-01 1.669305e-01 -2.474242e-01
-6.442886e-01 -1.158827e-01 -3.538902e-02
4.185157e-01 -7.610074e-01 -1.437360e-01
-3.169379e-01 4.581852e-01 -1.325071e-01
-1.270618e-01 2.640684e-01 -5.773232e-01
3.313723e-01 -7.150963e-01 3.921656e-01
-2.638197e-01 -3.348465e-01 5.961773e-01
-2.037330e-01 -8.853019e-01 3.004231e-01
5.749835e-02 9.043850e-02 5.514210e-01
5.255487e-01 -3.432084e-01 4.259320e-01
-3.206411e-01 -8.598577e-01 -5.012196e-02
-2.151411e-01 7.586780e-01 -4.134488e-01
5.674780e-01 1.123986e-01 2.292565e-02
2.991787e-01 1.490120e-01 4.384351e-01
-4.942711e-01 -6.750187e-01 9.923842e-02
-1.085660e-01 -3.951122e-01 6.330696e-01
5.341695e-01 -4.108310e-02 3.583196e-01
2.672241e-01 -1.231696e-01 5.945646e-01
-6.313274e-02 -9.612165e-01 1.608581e-01
-3.203225e-01 -1.720074e-01 5.687621e-01
-3.909014e-01 -8.103031e-01 1.372752e-02
-3.529142e-01 -1.180927e-01 5.350157e-01
-2.209148e-01 -9.402518e-01 4.568213e-02
3.043751e-01 4.293464e-02 5.146483e-01
2.000298e-01 5.497685e-01 -6.242895e-01
-4.205266e-01 -3.785277e-01 -5.341795e-01
-1.729332e-01 4.469564e-01 1.175750e-01
1.089045e-02 -6.152506e-01 5.625902e-01
-4.396000e-02 8.419591e-01 -1.086557e-01
2.527500e-01 8.467572e-01 -5.627495e-01
1.134239e-01 4.979642e-01 1.481957e-01
4.667363e-01 -7.335623e-02 -4.475935e-01
-4.117664e-01 2.923996e-01 -4.020707e-02
3.681251e-02 8.645662e-02 -6.063511e-01
4.976955e-01 6.103227e-02 3.381514e-01
4.059927e-01 -6.716142e-01 3.660445e-01
-5.992136e-01 -1.517993e-01 -3.107959e-01
6.984219e-02 -9.168185e-01 -2.092380e-01
-4.967995e-01 -4.241800e-01 3.705639e-01
-2.517545e-01 5.631477e-01 -1.208203e-01
5.777313e-01 -3.538002e-01 3.476481e-01
-5.828680e-01 -2.952865e-01 -3.643721e-01
3.259768e-01 6.527798e-01 -5.533921e-01
1.744861e-01 7.375342e-01 -2.117365e-02
4.503310e-01 -1.914191e-01 5.033000e-01
-7.481959e-02 -5.729232e-01 5.796724e-01
-4.238117e-01 4.584141e-02 -4.550595e-01
6.416803e-01 -3.680753e-01 -1.148475e-01
-5.050421e-01 -6.446170e-01 1.313523e-01
-1.968842e-01 5.753720e-01 -4.663783e-02
5.807774e-01 -5.091932e-01 -1.846100e-01
2.971281e-01 3.452392e-01 2.220994e-01
1.867702e-01 -4.401075e-01 6.099746e-01
1.689314e-01 8.609924e-01 -1.003534e-01
1.932009e-01 5.168582e-01 1.090339e-01
-3.960978e-01 -3.790055e-01 5.058484e-01
3.671494e-01 3.942362e-01 -4.463989e-01
-1.794834e-01 7.006420e-01 -1.291225e-01
4.805535e-01 1.620328e-01 -2.621572e-01
9.807374e-02 -9.732616e-01 1.836544e-01
4.263401e-01 -7.484247e-01 2.244886e-01
5.931014e-01 -2.635708e-01 3.245532e-01
1.982778e-01 -8.944801e-01 2.819073e-01
2.855008e-02 -6.394406e-01 -5.446319e-01
-3.182121e-01 4.903389e-01 -2.358370e-01
3.146085e-01 -7.500373e-01 -3.373351e-01
7.549649e-02 2.808123e-01 3.824100e-01
-4.171420e-01 2.414315e-01 -2.989299e-01
5.936588e-01 -9.221046e-02 -2.407347e-01
-3.298193e-01 1.237868e-01 -5.012294e-01
-6.554776e-01 -2.078841e-01 -1.808773e-02
-7.260967e-02 6.393609e-01 9.407139e-03
-3.803295e-01 -7.015778e-01 -3.293117e-01
-4.414315e-01 -5.174755e-01 3.934199e-01
5.273008e-01 -5.263551e-01 -3.097805e-01
3.068040e-01 4.132098e-01 -5.258375e-01
-1.463143e-01 4.916529e-01 8.874620e-02
-1.609875e-01 -1.724653e-01 -6.391220e-01
-6.101041e-01 -4.915734e-01 -7.978700e-02
5.590563e-02 9.364889e-01 -4.556369e-01
4.283709e-01 -7.733712e-01 -5.077898e-02
1.909512e-01 -3.912299e-01 6.191927e-01
4.374695e-01 -4.486587e-02 -4.679608e-01
1.935991e-01 -7.552735e-01 -4.040317e-01
3.494699e-01 5.997611e-01 -7.922951e-02
-5.315415e-01 2.089493e-02 2.506296e-01
3.370066e-01 8.465183e-01 -2.438605e-01
4.939923e-01 5.543776e-02 -3.310438e-01
-5.155543e-01 -3.747250e-01 3.666616e-01
-3.273506e-01 4.623065e-01 -2.928575e-01
-5.187995e-01 -3.277587e-01 -4.565925e-01
-3.744164e-01 -8.083520e-01 -9.947740e-02
4.370713e-01 -2.066498e-01 -5.185904e-01
4.262605e-01 4.813797e-01 -2.493157e-01
6.830917e-02 7.649495e-01 -6.456125e-01
-8.423675e-02 5.116420e-01 1.045343e-01
-5.050023e-01 7.353539e-02 -3.161515e-01
2.081131e-01 -9.091932e-01 -1.265343e-01
1.421930e-01 -5.062267e-01 5.986064e-01
5.026529e-01 -9.115526e-02 -4.094669e-01
-2.047086e-01 -9.364093e-01 -2.441889e-02
6.321039e-01 -4.074959e-01 1.696978e-01
5.316211e-01 -5.881340e-01 2.649047e-01
1.542979e-01 -1.000548e-01 6.235329e-01
1.812354e-01 -7.249316e-01 -4.417202e-01
-2.151610e-01 -2.929571e-01 6.191130e-01
3.439152e-01 -3.657658e-01 5.690607e-01
-3.076004e-02 -2.478224e-01 -6.527998e-01
3.723458e-01 2.800757e-01 2.366333e-01
-5.152556e-01 1.355731e-01 9.856149e-02
-4.035240e-01 -3.533936e-03 -4.979046e-01
-1.167090e-01 8.911553e-01 -4.298940e-01
1.540789e-01 -1.737097e-02 5.960579e-01
-4.654223e-01 -4.007665e-01 4.237420e-01
6.109402e-01 -2.368324e-01 -2.676124e-01
3.476980e-01 8.547210e-01 -3.069136e-01
5.590563e-02 -9.808671e-01 -5.505950e-02
1.632373e-01 -8.885073e-01 -2.274551e-01
3.734607e-01 3.041859e-01 -4.269872e-01
4.041613e-02 9.298989e-01 -3.728934e-01
2.094471e-02 -1.652183e-01 -6.483799e-01
1.579015e-01 -4.865562e-01 -6.127221e-01
6.456622e-01 -1.157235e-01 3.759890e-02
-1.138221e-01 7.649893e-01 -1.007118e-01
4.955253e-01 -5.751332e-01 3.439251e-01
-1.462745e-01 7.396326e-03 5.760291e-01
5.239759e-01 -6.316759e-01 -1.262954e-01
-2.235031e-01 2.967995e-01 -5.306157e-01
-4.883182e-01 -3.259669e-01 4.222289e-01
1.592355e-01 -9.548853e-01 1.742969e-01
-4.292668e-01 1.135334e-01 3.083072e-01
2.012045e-01 -7.144393e-01 4.619680e-01
6.042706e-01 -4.204171e-01 2.549500e-01
-3.082972e-01 -7.956697e-01 -2.564631e-01
-5.908715e-01 -4.355483e-01 -2.856901e-01
4.158678e-01 -1.559405e-01 5.225125e-01
-4.430242e-01 -6.200687e-01 -3.591160e-01
-4.312378e-01 -4.399682e-01 4.481907e-01
-4.097755e-01 -6.800558e-01 2.980737e-01
-5.925239e-01 -4.636006e-01 -2.474043e-01
-1.172864e-01 3.360609e-01 2.842964e-01
4.272560e-01 4.037330e-01 -9.575433e-02
-1.127470e-01 -7.213280e-01 -4.669653e-01
2.598377e-01 -2.059330e-01 6.095167e-01
3.801503e-01 -1.054207e-02 -5.068439e-01
-2.149619e-01 4.973669e-01 -5.201832e-01
-6.039321e-01 -4.919118e-01 3.419442e-02
1.821910e-01 2.075556e-02 -5.971729e-01
5.154546e-02 -6.292668e-01 5.529939e-01
3.554825e-01 -5.022249e-01 -5.259768e-01
-6.229855e-01 -3.239958e-01 1.512617e-01
-3.725051e-02 -2.023294e-01 -6.502713e-01
2.388134e-01 -6.210642e-01 -5.113832e-01
2.417401e-01 9.142700e-01 -2.178986e-01
4.928376e-01 2.137972e-01 -1.620925e-01
3.170773e-01 8.841670e-01 -2.899707e-01
2.602558e-01 -4.098253e-01 -6.054353e-01
-3.608382e-01 3.399831e-01 2.777306e-03
4.274949e-01 -3.196459e-02 4.725399e-01
7.125577e-02 -2.709572e-01 -6.519636e-01
3.686427e-01 7.915086e-01 -2.489374e-01
4.519237e-01 2.697626e-01 -2.478822e-01
4.443779e-02 -9.510428e-01 -1.300583e-01
-4.370713e-01 1.923548e-01 -3.172266e-01
1.116320e-01 8.367826e-01 -6.209646e-01
-5.900353e-01 4.309392e-02 -4.233740e-02
-5.617043e-01 -1.505649e-01 -3.817132e-01
5.735503e-01 -5.866010e-01 3.357719e-02
-4.347818e-01 -7.618038e-01 -4.277541e-02
-5.712011e-01 2.790302e-02 -2.092778e-01
-6.353093e-01 -8.510279e-02 6.739304e-03
-1.312429e-01 -2.422279e-01 -6.468070e-01
2.409437e-01 8.716639e-01 -1.508437e-01
2.927281e-01 -6.892937e-01 -4.242795e-01
2.251754e-01 -4.625953e-02 5.874770e-01
3.289433e-01 -8.613509e-01 1.952118e-02
-3.871186e-01 -3.350057e-01 5.232890e-01
-5.501369e-01 -3.812951e-01 3.051416e-01
-8.831816e-02 -6.908068e-01 5.083569e-01
5.255288e-01 -6.320741e-01 2.066498e-01
1.359415e-01 -8.354686e-01 -3.251705e-01
-6.512966e-01 -3.182420e-01 2.127318e-02
4.957244e-01 -3.954507e-01 -4.463989e-01
6.232243e-01 -1.679259e-01 -2.044398e-01
-2.398487e-01 -2.731671e-01 -6.284705e-01
-4.814892e-01 -1.976905e-01 -4.943209e-01
-5.834055e-01 -9.935793e-02 -3.169479e-01
-1.139416e-01 5.820218e-01 -5.964362e-01
4.781245e-01 1.975113e-01 1.960181e-01
4.142750e-01 5.992036e-01 -3.280175e-01
6.124334e-01 2.478706e-03 -2.020793e-03
3.801503e-01 -5.638445e-01 4.721815e-01
-3.232293e-01 3.316012e-01 -4.146633e-01
-4.245881e-01 8.836790e-02 -4.300334e-01
-4.866458e-01 -3.548855e-02 -4.293365e-01
2.184859e-01 -8.365836e-01 3.300283e-01
4.584739e-01 7.598424e-02 3.725548e-01
-3.396546e-01 -7.044448e-01 3.600119e-01
4.929570e-01 -5.586482e-01 -3.404808e-01
3.199044e-01 -8.419193e-01 1.881937e-01
2.647952e-02 -7.423225e-02 6.327509e-01
-4.292469e-02 -9.593649e-01 2.170026e-01
3.269127e-02 -8.248171e-01 4.280224e-01
5.958091e-01 -3.723359e-01 -2.797571e-01
-3.052710e-01 1.485342e-01 3.947339e-01
3.576128e-01 5.902142e-02 -4.960132e-01
5.165696e-01 -3.301877e-01 -4.403664e-01
4.070479e-01 -6.839978e-01 -3.222637e-01
1.042059e-01 9.584490e-01 -3.709223e-01
-1.012394e-01 -4.152111e-02 -6.260017e-01
8.704394e-02 9.993430e-01 -3.996914e-01
-1.487233e-01 2.184958e-01 4.092479e-01
1.836643e-01 -9.283858e-01 2.247076e-01
-4.801951e-01 2.000398e-01 -1.668110e-01
3.846100e-01 4.918123e-01 -7.281870e-02
-3.778209e-01 9.734706e-02 3.825294e-01
-2.805238e-02 -9.226320e-01 3.242945e-01
-1.164501e-01 3.087651e-01 3.184013e-01
-4.074263e-01 1.927132e-01 -3.730327e-01
3.970932e-01 1.017868e-01 4.100244e-01
2.110395e-02 -4.816186e-01 6.209248e-01
2.047683e-01 2.002787e-01 4.360659e-01
-1.377134e-01 -2.370913e-01 6.398187e-01
-6.468767e-01 -3.761585e-01 -7.415262e-02
-5.610477e-02 -5.042060e-02 -6.300234e-01
1.907919e-01 -3.538599e-01 -6.343836e-01
-1.239361e-01 4.991190e-01 -5.888109e-01
9.510727e-02 9.491315e-01 -4.801254e-01
-3.455478e-01 -3.491215e-01 5.509432e-01
3.826788e-01 -6.704395e-01 -3.716590e-01
6.060423e-02 9.212583e-01 -1.591857e-01
-1.808372e-01 3.317206e-01 2.546115e-01
-3.262755e-01 -4.459211e-01 -5.704943e-01
6.011249e-01 -5.253101e-02 -1.772635e-01
2.199592e-01 9.212184e-01 -4.168732e-01
-1.179632e-01 1.225922e-01 5.055497e-01
1.973020e-02 -7.923846e-01 -4.046489e-01
5.696282e-01 -5.609776e-01 -1.165000e-01
-3.420442e-02 9.012094e-01 -1.693395e-01
-2.710069e-01 -9.022050e-01 1.494301e-01
5.922453e-01 3.226319e-02 -7.911007e-02
5.024140e-01 2.227166e-01 -7.930917e-02
6.663678e-02 -1.614554e-01 6.467075e-01
6.412622e-01 -1.154447e-01 -6.206763e-02
-2.586034e-01 -5.180130e-01 5.472799e-01
-6.588023e-02 -7.368971e-01 -4.603753e-01
7.047938e-03 4.612911e-01 1.805087e-01
9.861131e-02 -1.127968e-01 -6.376288e-01
-3.674879e-01 3.155940e-01 -3.399035e-01
-2.665273e-01 8.627743e-02 -5.511025e-01
3.542880e-01 -7.486636e-01 3.238365e-01
-2.726395e-01 5.522174e-01 -1.564382e-01
-9.474892e-02 4.452641e-01 1.668708e-01
-1.493214e-03 -7.366980e-01 -4.642576e-01
4.217012e-01 4.793489e-01 -3.045443e-01
-3.034195e-01 3.258872e-01 1.367876e-01
4.176198e-01 2.747200e-01 -3.436663e-01
2.436514e-01 -9.021453e-01 2.078841e-01
-1.652484e-02 9.236275e-01 -4.298940e-01
-3.171569e-01 2.320542e-01 2.800358e-01
2.516151e-01 -8.730281e-03 5.633667e-01
4.286894e-01 2.036235e-01 2.726694e-01
3.703168e-03 6.428649e-01 -6.434025e-01
-6.751283e-02 -8.493455e-01 -3.150963e-01
-3.055099e-01 -8.777164e-01 4.172013e-02
-6.058235e-01 -2.397193e-01 2.378876e-01
-1.043453e-01 -5.173162e-01 -6.070280e-01
4.359365e-01 -5.585884e-01 -4.218506e-01
2.580459e-01 3.312428e-01 2.658603e-01
2.821761e-01 -6.051565e-01 5.052909e-01
-5.520482e-01 -5.861630e-01 7.323678e-02
-6.479519e-01 -3.683540e-01 -3.104876e-02
-6.561745e-01 -1.929720e-01 -9.672991e-02
-1.412175e-01 -9.574536e-01 -5.127673e-02
2.868349e-01 1.166194e-01 4.729182e-01
-2.693345e-01 3.882236e-01 8.352994e-02
-2.595192e-01 -8.968892e-01 1.973520e-01
4.354188e-02 -5.951920e-02 -6.328306e-01
-7.838338e-02 5.269023e-02 5.647603e-01
1.908516e-01 6.391021e-01 2.696731e-02
-5.598529e-02 -6.694639e-01 -5.214773e-01
2.691749e-02 -2.511672e-01 -6.532975e-01
-2.844657e-01 3.077896e-01 1.934896e-01
-5.320989e-01 1.076203e-01 -1.953810e-01
4.084615e-01 6.437012e-01 -2.573192e-01
-6.502015e-01 -1.547459e-01 -5.077898e-02
5.934000e-01 -1.417053e-01 3.049226e-01
-1.891992e-01 7.022547e-01 -5.152855e-01
-1.226818e-01 -1.893684e-01 -6.443781e-01
-2.894232e-01 5.426808e-01 -3.615649e-01
2.562341e-01 4.038525e-01 -5.651187e-01
-4.246080e-01 1.792842e-02 4.019411e-01
3.243243e-01 -7.835449e-01 -2.773083e-01
6.158180e-01 -5.005326e-01 2.764417e-02
-3.026430e-01 4.777960e-01 -3.796426e-01
6.259320e-01 -4.698323e-01 -7.595433e-03
3.715096e-01 2.048579e-01 3.326763e-01
-2.108407e-01 -3.819621e-02 5.789955e-01
-2.512767e-01 -5.812055e-01 -5.383804e-01
2.796675e-01 5.140909e-01 5.826487e-02
6.265890e-01 -4.527699e-01 -7.116623e-02
-5.769349e-01 6.372006e-02 -8.761139e-02
3.152854e-01 -4.359863e-01 -5.762282e-01
3.002140e-01 9.034393e-01 -3.667015e-01
3.404492e-03 8.975860e-01 -1.443134e-01
-3.851277e-01 -4.310089e-01 4.987009e-01
1.765766e-01 8.740929e-01 -5.617341e-01
1.896769e-01 1.406102e-01 -5.722463e-01
6.387138e-01 -3.004430e-01 -1.670898e-01
6.101637e-01 -2.839580e-01 2.900901e-01
5.408591e-01 -2.821462e-01 4.133890e-01
4.551491e-01 3.186502e-02 4.108009e-01
-5.684141e-02 -6.229556e-01 -5.546663e-01
-6.354487e-01 -2.016923e-01 1.344383e-01
2.496839e-01 8.827734e-01 -5.021254e-01
4.043004e-01 4.446867e-01 -3.758798e-01
-3.613957e-01 -7.332537e-01 -3.038276e-01
-5.353043e-01 -5.829974e-01 1.481559e-01
2.876910e-02 9.552636e-01 -2.747798e-01
-9.795469e-03 2.704395e-01 -6.019910e-01
4.272958e-01 2.809715e-01 1.445921e-01
-3.786571e-01 -1.986263e-01 5.355333e-01
-3.600816e-01 9.083667e-02 -4.908367e-01
1.853565e-02 6.034045e-01 6.497436e-02
-9.251905e-02 -9.130158e-01 3.240754e-01
1.298492e-01 4.865562e-01 -6.309791e-01
5.807177e-01 8.147926e-02 7.930909e-02
-1.728535e-01 -3.524663e-01 6.255437e-01
-4.364741e-01 -9.911901e-02 -5.079588e-01
-2.777960e-01 -8.870340e-01 -4.209847e-02
5.441043e-01 1.302971e-01 1.379822e-01
1.761385e-01 -8.119954e-01 3.918072e-01
-9.956697e-02 8.961127e-01 -2.246479e-01
3.101090e-01 -2.692250e-01 5.912398e-01
-4.042009e-01 3.190184e-01 -1.407496e-01
6.314867e-01 -1.173162e-01 -1.235678e-01
-2.886069e-01 4.307700e-01 -4.323827e-01
-1.721368e-01 -9.637450e-01 3.694191e-02
5.068737e-01 -6.927380e-01 1.842616e-02
2.637200e-01 -8.582052e-01 2.483798e-01
3.296800e-01 -7.077810e-03 -5.409487e-01
-1.510129e-01 -2.809318e-01 -6.452740e-01
2.286795e-01 5.446218e-02 5.399930e-01
-4.224778e-01 -7.064755e-01 2.412124e-01
6.280822e-01 -1.483948e-01 -1.681051e-01
-2.128316e-01 -1.334229e-01 -6.244886e-01
6.355283e-01 -7.046938e-02 3.451297e-02
1.634762e-01 -8.511373e-01 -2.925987e-01
-3.357922e-01 -4.865562e-01 5.154845e-01
-5.883630e-01 -1.711115e-01 2.703200e-01
-5.608283e-01 5.623414e-02 1.258971e-01
4.093176e-01 6.292071e-01 -3.561495e-01
9.606289e-02 -8.223284e-01 -3.555921e-01
3.258971e-01 -7.991339e-01 2.680703e-01
4.681698e-01 -2.398587e-01 -4.945797e-01
2.562938e-01 -7.188791e-01 -4.152407e-01
-5.622020e-01 -5.308148e-01 -2.459708e-01
2.779155e-01 -4.254343e-01 5.838335e-01
2.017620e-01 -7.796227e-01 4.047285e-01
-1.144791e-01 3.663829e-01 -5.868001e-01
-3.630880e-01 -7.486238e-01 2.768304e-01
-3.882324e-03 4.641877e-02 5.771638e-01
1.628590e-01 1.097506e-01 5.247225e-01
-4.590712e-01 -7.107362e-01 1.394156e-01
5.710816e-01 -4.512966e-01 -2.852720e-01
-6.548210e-02 -9.481161e-01 2.637698e-01
-7.374445e-02 -3.708825e-01 -6.472451e-01
-1.652482e-01 -2.713553e-01 6.341646e-01
-2.394704e-01 7.112936e-01 -3.480066e-01
3.402717e-01 7.273406e-01 -5.327659e-01
4.355184e-01 3.264048e-01 -2.792594e-01
-9.419147e-02 2.134388e-01 -5.858245e-01
-9.612267e-02 -5.784580e-01 -5.783187e-01
4.494749e-01 -5.025036e-01 4.478522e-01
-4.165249e-01 2.746802e-01 1.291122e-02
-1.759992e-01 -8.383953e-01 3.730327e-01
-6.478921e-01 -2.594694e-01 -1.804689e-01
1.387487e-01 3.509332e-01 2.945099e-01
-1.551739e-01 -7.050222e-01 -4.711463e-01
4.508486e-01 -7.435867e-01 1.705540e-01
-3.394754e-01 -8.045692e-01 2.181773e-01
-4.101737e-01 -5.809666e-01 -4.400876e-01
-1.353442e-01 9.362399e-02 -5.934697e-01
5.326166e-01 -2.834106e-02 -3.270619e-01
-1.948534e-01 -1.892390e-02 -6.063909e-01
-2.912548e-01 5.608381e-01 -2.962620e-01
-2.877706e-01 3.131252e-01 -4.688965e-01
-4.642477e-01 -8.619781e-02 4.259718e-01
-6.054254e-01 -6.719429e-03 6.997160e-02
-4.556070e-01 5.513912e-02 -4.119954e-01
6.614504e-01 -2.786621e-01 -1.052212e-02
6.072368e-02 -9.256184e-01 3.135831e-01
-2.891245e-01 -3.963267e-01 5.728435e-01
-2.176099e-01 -5.172167e-01 -5.842915e-01
-4.043004e-01 1.890100e-01 2.340650e-01
-1.641930e-01 -8.888059e-01 -2.044398e-01
2.871733e-01 -1.413469e-01 -5.973720e-01
-2.151212e-01 3.770146e-01 1.649395e-01
-2.782141e-01 -1.921358e-01 -6.142153e-01
4.854114e-01 -4.765019e-01 -4.212533e-01
3.950425e-01 2.379274e-01 2.680703e-01
5.561694e-01 -6.189538e-01 6.226669e-02
4.150316e-01 -7.952317e-01 8.570003e-02
5.631377e-01 7.595431e-03 -2.220995e-01
4.656015e-01 -7.300881e-01 -6.819972e-02
-2.537056e-01 -7.778110e-01 -3.354437e-01
1.438057e-01 1.427206e-01 5.038375e-01
-3.329650e-01 -2.830820e-01 -5.952815e-01
-1.560901e-02 -9.651585e-01 1.764273e-01
1.399034e-01 9.841123e-01 -4.331392e-01
1.627594e-01 9.505251e-01 -2.352994e-01
-6.146633e-01 -2.801354e-01 -2.941715e-01
1.637748e-01 1.757901e-01 -5.786372e-01
5.293116e-01 7.932905e-02 2.683490e-01
-2.801254e-01 -8.645165e-01 -1.364492e-01
9.994523e-02 -9.565178e-01 2.347419e-01
-7.091730e-02 6.809914e-01 -6.165447e-01
2.351501e-01 -9.195262e-01 1.627494e-01
2.953959e-01 -2.202678e-01 5.959385e-01
6.811010e-02 -7.541387e-01 -4.416406e-01
