-6.381428e-01 1.414127e-01 7.763709e-02
6.462821e-01 -1.983792e-01 -8.914129e-01
6.940757e-01 -1.789994e-01 9.254643e-01
-3.765510e-01 -6.164585e-01 9.079104e-01
-2.206499e-02 7.361445e-01 8.464402e-01
-4.814969e-01 -4.164780e-01 -9.109626e-01
1.340404e-01 -6.522843e-01 -4.946282e-02
-9.700913e-02 5.898820e-01 -8.368553e-01
5.386029e-01 3.728903e-01 2.822490e-02
-6.680759e-01 1.491286e-01 8.771133e-01
-1.227818e-01 6.512937e-01 1.290169e-01
1.632041e-01 -6.993477e-01 -7.592187e-01
1.299939e-02 -2.427577e-02 9.874139e-01
2.683291e-01 -6.762906e-01 6.544408e-01
6.181136e-01 4.587781e-01 6.990118e-01
6.508945e-01 -2.636023e-01 2.189376e-01
-4.646757e-01 -5.250188e-01 2.228976e-01
-5.600122e-01 1.663201e-01 -5.976390e-01
3.169575e-02 -4.266301e-02 -7.981380e-01
5.076768e-01 3.643154e-01 -6.303274e-01
-5.193404e-01 -3.433345e-01 -3.199051e-01
5.476232e-01 -3.633467e-01 -3.526469e-01
-5.155653e-01 5.139856e-01 4.946769e-01
1.069113e-01 5.751953e-01 -3.564293e-01
-6.661312e-01 -3.003091e-01 6.267202e-01
2.772374e-01 6.722064e-01 4.112888e-01
-3.622417e-01 4.609906e-01 -2.687039e-01
-7.333893e-02 -7.248411e-01 3.516368e-01
-2.579968e-01 3.612924e-01 9.380771e-01
-1.785773e-01 -6.291371e-01 -3.986540e-01
-3.567482e-01 2.240764e-01 -9.964172e-01
2.655933e-01 3.465596e-01 9.548764e-01
7.334794e-01 6.711914e-02 5.058512e-01
6.303444e-01 8.911622e-02 -2.910016e-01
6.492905e-02 -4.716174e-01 9.818401e-01
2.598515e-01 3.618352e-01 -9.843860e-01
-3.755799e-01 -1.655078e-01 9.653694e-01
-7.137203e-01 1.584464e-01 4.734404e-01
6.087087e-01 -4.056711e-01 6.045515e-01
4.189631e-01 -5.857295e-01 2.966508e-01
-7.874212e-02 -4.113326e-01 -8.935840e-01
4.457977e-01 -4.924863e-01 9.427674e-01
2.960229e-01 -3.464257e-01 -8.921456e-01
-6.092735e-01 -5.856858e-02 -9.040014e-01
-6.737958e-01 -2.102689e-01 2.548302e-01
-4.645637e-01 4.751807e-01 1.244009e-01
-1.546358e-01 7.102665e-01 4.956115e-01
2.258045e-01 5.981599e-01 2.118754e-02
5.603067e-01 1.464213e-01 -9.598198e-01
-6.017013e-01 5.098698e-03 -2.716295e-01
6.071267e-01 1.811201e-01 9.284678e-01
2.667007e-01 -6.120360e-01 -4.252647e-01
3.595278e-01 -8.491980e-02 9.885237e-01
-8.859900e-02 -7.191335e-01 7.339199e-01
-2.713813e-01 -6.003724e-01 -6.008178e-02
3.266788e-01 6.563685e-01 8.044687e-01
-3.698819e-01 -6.312571e-01 5.414165e-01
4.235974e-01 4.395789e-01 -2.909505e-01
6.706998e-01 6.008007e-02 9.178727e-02
6.294389e-01 3.662115e-01 3.664938e-01
-3.539223e-01 6.445929e-01 7.709723e-01
4.506584e-01 -4.904320e-01 -5.062310e-02
-3.670342e-01 4.406839e-01 -6.219301e-01
-2.810563e-01 -1.217846e-01 -8.970646e-01
6.590118e-01 6.093732e-02 -6.521455e-01
5.338323e-01 -4.589607e-01 -6.881660e-01
2.431218e-01 5.548205e-01 -7.169210e-01
-2.834757e-01 -6.210612e-01 -7.100085e-01
-5.762225e-01 -2.375680e-01 -6.343142e-01
-2.730997e-02 2.459146e-01 -8.995619e-01
6.304344e-01 -1.746000e-01 -1.217021e-01
-5.867348e-01 4.496410e-01 8.222514e-01
3.447657e-01 -4.999538e-02 -8.746160e-01
-6.836753e-01 -1.583785e-01 8.906827e-01
-6.033053e-01 -2.146007e-01 -3.669977e-02
-1.621867e-01 5.497456e-01 -4.474090e-01
-5.831179e-01 -4.283680e-01 9.026627e-01
-2.100243e-01 -4.030303e-01 9.762662e-01
6.378264e-01 -2.084415e-01 -5.866934e-01
-1.240477e-01 5.909870e-01 -1.398123e-01
-5.453620e-01 2.634684e-01 -1.504566e-01
4.246829e-01 5.450529e-01 2.077637e-01
-3.439966e-01 4.767823e-01 -8.929268e-01
-6.217524e-01 3.456566e-01 3.023512e-01
1.941312e-01 -7.067031e-01 3.829135e-01
-3.084118e-01 9.432785e-02 9.637045e-01
2.144780e-01 -6.826749e-01 9.158793e-01
-2.484581e-02 2.347027e-01 9.706146e-01
7.042716e-01 -1.634548e-01 6.645053e-01
-4.283218e-01 -4.774832e-01 -5.469149e-01
-3.251186e-01 6.343726e-01 3.171571e-01
-9.784569e-02 -6.777120e-01 -8.785250e-01
3.782256e-01 -5.990191e-01 -8.547645e-01
9.490665e-02 7.258342e-01 5.813947e-01
5.044883e-01 3.876208e-01 -8.831666e-01
-7.332992e-01 -5.694414e-02 6.501789e-01
-5.490033e-01 2.538347e-01 -8.329463e-01
-6.059511e-01 -4.030303e-01 4.056395e-01
8.629305e-02 5.189485e-01 9.255665e-01
4.664841e-01 5.641840e-01 5.274942e-01
-4.676597e-01 -4.539296e-01 -3.786004e-02
2.084410e-02 -6.751856e-01 -5.616965e-01
5.010977e-01 4.003018e-01 9.135597e-01
1.862638e-01 1.345316e-01 -8.622052e-01
4.259267e-02 -6.556237e-01 -2.748838e-01
-8.122891e-02 -6.721163e-01 7.322307e-02
1.250189e-02 5.788049e-01 -6.201874e-01
1.646058e-01 -2.279343e-01 9.962419e-01
1.146204e-01 5.568967e-01 -9.485457e-01
1.280268e-01 -5.253791e-01 -9.415066e-01
2.780723e-02 7.179603e-01 3.389242e-01
-5.346696e-01 -5.002677e-01 6.796909e-01
6.921772e-01 2.316344e-01 6.940416e-01
-4.817232e-01 3.189899e-01 -4.316198e-01
-6.744968e-01 2.892540e-01 6.694487e-01
2.379221e-01 1.177688e-01 9.829987e-01
-3.672387e-01 -5.234173e-01 -3.185688e-01
6.348667e-01 -1.306285e-01 -3.570086e-01
5.627480e-01 2.687915e-01 -4.164099e-01
6.849410e-01 -2.431406e-01 4.444322e-01
-4.721821e-01 2.597006e-01 9.196130e-01
-3.039138e-01 -6.551953e-01 3.191992e-01
4.577583e-01 -5.740878e-01 5.811172e-01
-1.429702e-01 4.132287e-01 -9.998223e-01
-5.948740e-01 -5.547767e-02 -5.011342e-01
6.168261e-01 -3.708580e-01 8.263891e-01
6.971960e-01 1.661621e-01 2.899671e-01
8.249507e-02 -2.660630e-01 -8.356213e-01
2.647803e-01 -6.380942e-01 1.428896e-01
3.177267e-01 5.042838e-01 -4.765170e-01
6.180236e-01 1.943634e-01 -7.756140e-02
7.240087e-01 2.231277e-02 8.267664e-01
-5.789802e-02 -2.431856e-01 9.927856e-01
5.349397e-01 -4.089862e-01 -9.035219e-01
-2.062940e-01 1.041419e-01 -8.891688e-01
3.273579e-02 -7.333017e-01 5.440647e-01
-2.945771e-01 -5.261677e-01 -9.476621e-01
-7.153268e-01 1.513837e-02 3.073190e-01
3.945016e-01 -5.299355e-01 -2.695850e-01
-1.622320e-01 -6.427406e-01 9.329317e-01
7.171571e-01 -7.654959e-02 3.073457e-01
3.321504e-01 -6.154193e-01 -6.432688e-01
-3.304539e-01 5.285165e-01 -3.536303e-02
-1.796850e-01 5.968967e-01 8.899014e-01
-5.709553e-01 -3.584958e-01 1.197851e-01
5.404332e-01 -4.222539e-01 1.277556e-01
6.205549e-01 2.397564e-01 -7.836363e-01
2.303712e-01 5.598977e-01 -1.896030e-01
-3.444712e-01 6.431252e-01 5.641426e-01
6.837653e-01 2.955580e-03 -8.493416e-01
5.565754e-01 -4.791749e-01 4.085165e-01
-7.170670e-01 -1.520163e-01 4.480905e-01
-4.463186e-01 -2.162251e-01 -9.764172e-01
7.951077e-02 -6.940903e-01 2.059981e-01
4.666642e-01 -2.558427e-01 9.718510e-01
-4.613971e-01 4.943118e-02 -9.896069e-01
-2.974930e-01 -6.639503e-01 7.271851e-01
-6.600292e-01 -7.693319e-02 1.043736e-01
-1.864673e-01 -7.141462e-01 5.474455e-01
3.879907e-01 5.017573e-01 -4.726835e-02
2.076957e-01 6.566386e-01 2.120769e-01
4.405087e-01 -5.041256e-01 -4.626701e-01
-5.915954e-01 -2.696726e-01 -8.306510e-01
-6.106754e-01 -3.808300e-02 -6.988341e-01
4.522185e-01 -2.067721e-01 -9.317975e-01
-5.561689e-01 5.879421e-01 6.840039e-01
2.833857e-01 6.661385e-01 6.121918e-01
3.223828e-02 6.303322e-01 7.541682e-03
-5.373591e-01 1.220543e-02 9.301570e-01
-1.838221e-01 7.081246e-01 6.962882e-01
5.468760e-01 -3.045637e-03 9.583302e-01
5.523938e-01 -3.556748e-01 -1.577965e-01
-1.016437e-01 -1.797890e-01 -8.351418e-01
4.067786e-01 -5.943483e-01 7.815164e-01
-2.469417e-01 -3.124473e-01 -9.119460e-01
-1.043566e-01 -6.495095e-01 -1.461434e-01
3.717585e-01 1.814811e-01 -9.356553e-01
1.069339e-01 -7.014896e-01 7.575027e-01
-5.748424e-01 3.193745e-01 1.021287e-01
2.728733e-02 -6.572033e-01 9.400949e-01
4.090398e-01 1.979282e-01 9.644858e-01
-4.010807e-01 -3.984277e-01 9.470317e-01
3.201898e-01 5.260119e-01 -8.877327e-01
-6.238773e-01 1.396519e-02 -8.404381e-02
2.623147e-01 -4.619837e-01 9.760886e-01
5.338542e-01 3.316709e-01 -1.818846e-01
-2.063167e-01 -8.473920e-02 9.827211e-01
-2.130086e-01 5.360959e-01 -6.716953e-01
-6.335086e-01 3.604138e-01 5.005038e-01
3.021492e-01 -5.906924e-01 -1.034404e-01
6.912498e-01 2.484191e-01 4.988146e-01
6.421906e-01 3.388682e-02 -4.660752e-01
-4.824461e-01 -5.419399e-01 4.270537e-01
-2.895339e-01 -6.217378e-01 1.395349e-01
-5.115638e-01 -3.997590e-01 -6.898552e-01
6.536984e-01 -1.583108e-01 5.882049e-02
4.766801e-01 5.540319e-01 7.643908e-01
1.576427e-01 7.151393e-01 8.639966e-01
-4.837581e-01 5.235293e-01 3.161738e-01
-5.665693e-01 1.457444e-01 -4.185542e-01
5.353024e-01 -4.909285e-02 -9.563393e-01
6.135013e-01 3.216746e-01 1.939413e-01
6.201947e-01 4.745722e-01 5.200535e-01
-3.853450e-01 4.769405e-01 8.928758e-01
3.346818e-01 -6.555556e-01 4.835292e-01
-7.217914e-01 1.231608e-01 7.070828e-01
-6.745430e-01 1.856098e-01 2.498868e-01
-1.523751e-01 -6.535475e-01 -5.827820e-01
-2.903493e-01 6.014774e-01 1.462191e-01
5.144140e-01 5.112328e-01 3.537057e-01
-1.620737e-01 6.940903e-01 3.123403e-01
6.480467e-01 1.254399e-02 -1.367604e-01
-6.654983e-01 -3.066715e-01 8.035609e-01
8.170378e-02 3.650602e-01 -9.611562e-01
-5.877279e-01 -1.537084e-01 -3.381161e-01
6.471632e-01 3.276548e-01 8.465158e-01
3.556626e-01 4.928246e-01 9.156528e-01
1.929556e-01 -1.147455e-01 -8.261117e-01
-6.087306e-01 9.421492e-02 -8.072703e-01
-4.253839e-01 -5.307947e-01 -7.973056e-01
6.449945e-01 -2.918486e-01 -7.487258e-01
1.914409e-01 -5.744043e-02 9.931386e-01
-5.260095e-01 -3.336108e-01 -5.039357e-01
4.632055e-01 3.984277e-01 -4.608543e-01
1.523524e-01 5.636875e-01 -5.283510e-01
-4.598613e-01 3.676086e-01 -7.509699e-01
-4.618498e-01 3.998953e-01 -1.069466e-01
3.630765e-02 1.258907e-01 -7.920846e-01
5.476451e-01 -3.836729e-01 -5.166484e-01
-5.624754e-02 5.788049e-01 -3.243957e-01
4.104393e-01 4.672849e-01 -7.146988e-01
-1.885019e-01 2.064337e-01 9.646635e-01
-7.323037e-01 -1.398807e-03 8.760034e-01
-3.364245e-01 4.640355e-01 -4.302568e-01
-5.937642e-01 4.331508e-01 6.496239e-01
-6.694998e-01 3.142534e-01 8.576901e-01
-1.114553e-01 4.313010e-01 9.384057e-01
-4.597030e-01 -4.409784e-01 -1.994906e-01
3.581039e-02 6.005306e-01 -1.664228e-01
5.192503e-01 -4.892808e-01 7.301862e-01
5.308263e-02 6.693416e-01 1.632447e-01
-4.987465e-01 -2.698990e-01 9.383035e-01
6.830206e-01 -9.786978e-02 -7.241596e-01
-4.445783e-01 3.584276e-01 -9.334112e-01
4.282098e-01 -5.361860e-01 1.152954e-01
-7.229914e-02 -6.954679e-01 -7.150542e-01
-5.560569e-01 -2.901813e-01 -1.735862e-01
2.560764e-01 -6.085384e-01 -2.578070e-01
7.206401e-01 3.070561e-02 6.594110e-01
5.925447e-02 -6.750493e-01 -8.973932e-01
-7.311525e-01 -2.188390e-03 4.931143e-01
9.232931e-02 -6.588949e-01 -4.239528e-01
-4.864257e-01 -5.411050e-01 8.267153e-01
-3.085944e-01 -5.752391e-01 -5.307971e-01
6.108799e-01 1.896030e-01 -5.803115e-01
-2.469417e-01 -6.005087e-01 -2.126822e-01
6.012486e-01 -2.878788e-01 -7.012048e-03
1.042887e-01 3.185615e-01 9.637288e-01
-3.140197e-02 7.308434e-01 6.692978e-01
3.954752e-01 -4.618474e-01 -9.403967e-01
1.847039e-01 -6.552416e-01 -5.471924e-01
8.398710e-02 1.103687e-01 9.831496e-01
6.229524e-01 -3.683534e-01 3.288110e-01
-1.141229e-01 5.744043e-02 9.797955e-01
2.151564e-01 -6.519241e-01 -8.928514e-01
-1.662787e-01 -6.796738e-01 2.043838e-01
-1.444625e-01 -5.369989e-01 -9.519995e-01
6.255300e-01 2.322660e-01 7.365169e-02
7.255446e-01 -1.121285e-01 5.044396e-01
3.958355e-01 6.035073e-01 3.424559e-01
-1.605364e-01 -3.194645e-02 -8.472483e-01
-1.067080e-02 4.894389e-01 -9.945770e-01
3.622174e-01 -6.152635e-01 9.321747e-01
-5.310284e-01 2.501789e-01 -3.102957e-01
-4.729512e-01 3.268881e-01 -5.778654e-01
6.777753e-02 6.001241e-01 -8.165267e-01
-5.795449e-01 -4.510405e-01 5.491347e-01
-5.372910e-01 1.690274e-01 -9.531094e-01
-7.014677e-01 -1.914531e-01 7.218377e-01
1.642441e-01 7.133138e-01 7.184081e-01
-6.036217e-02 -3.975490e-01 9.870342e-01
-2.390072e-01 5.417354e-01 -2.139939e-01
6.823196e-01 -2.386056e-01 7.868395e-01
-3.189242e-01 1.601825e-02 -9.209492e-01
-4.024607e-01 -5.353073e-01 6.235171e-02
-4.710502e-01 5.686747e-01 8.087575e-01
1.770624e-01 -7.113277e-01 5.261823e-01
-1.899942e-01 2.843812e-01 -9.558330e-01
-1.988336e-01 6.028088e-01 1.705099e-02
3.248704e-01 -2.238508e-01 9.901618e-01
1.101215e-01 2.579847e-01 -8.614750e-01
-2.605988e-01 -6.337179e-01 -8.596568e-01
5.877741e-01 2.294008e-01 -2.659779e-01
-2.430089e-01 5.398418e-01 -8.113058e-01
4.781283e-01 2.771401e-01 -9.693538e-01
5.393477e-01 -4.652549e-01 2.661799e-01
-2.312754e-01 -2.247533e-01 9.825702e-01
6.080078e-01 -2.328076e-01 -2.620178e-01
2.868224e-01 5.243641e-01 -3.150371e-01
7.917172e-02 -4.072727e-01 -8.807204e-01
4.562882e-01 -5.755775e-01 4.335110e-01
-3.781112e-01 -5.266642e-01 -1.223831e-01
-4.532822e-01 -4.395570e-01 -4.136108e-01
6.476159e-01 3.460874e-01 5.902981e-01
7.056054e-01 1.664554e-01 8.300450e-01
-4.185785e-01 -5.968309e-01 7.109164e-01
-3.196033e-01 3.739710e-01 -9.928368e-01
-6.247828e-01 -3.391384e-01 2.740514e-01
3.927832e-01 4.081295e-01 -9.635779e-01
3.875161e-01 6.118559e-02 9.774005e-01
-4.490325e-01 1.243113e-01 9.409273e-01
-4.098527e-01 5.987927e-01 4.212267e-01
2.517123e-01 5.867007e-01 8.980212e-01
-5.967044e-01 -1.600932e-01 -1.985321e-01
1.396244e-01 7.137179e-01 4.203943e-01
5.084434e-01 4.453329e-01 1.420825e-01
7.027796e-01 4.189583e-02 2.298593e-01
-3.563417e-01 -3.956529e-01 -9.651162e-01
-5.684216e-01 4.407521e-01 3.864695e-01
-6.034416e-01 1.491737e-01 -7.145747e-02
-5.120603e-02 -6.568869e-01 -4.404990e-01
-4.948351e-01 -8.958987e-02 -9.821175e-01
3.216843e-01 -1.835341e-01 -8.682342e-01
6.738420e-01 -2.812000e-01 6.045515e-01
-1.062782e-01 -5.229865e-01 9.652428e-01
6.599148e-01 -7.390994e-02 -5.933504e-01
2.640112e-01 -4.903858e-01 -9.401947e-01
6.020397e-02 -7.320165e-01 4.125520e-01
1.618693e-02 7.270974e-01 4.727833e-01
-7.128173e-01 -1.822707e-01 5.839674e-01
-4.076135e-02 6.133674e-01 8.960813e-01
4.812243e-01 -5.402921e-01 -7.939005e-01
-2.830692e-01 -5.113910e-01 9.501838e-01
8.459754e-02 -3.343994e-01 9.998490e-01
-4.561543e-01 3.677668e-01 -2.831812e-01
-6.737739e-01 2.366881e-01 3.721942e-01
4.375246e-01 -5.315833e-01 -5.922161e-01
1.717724e-01 -5.661020e-01 9.620397e-01
3.097919e-01 -6.580382e-01 3.407667e-01
-6.245564e-01 -2.383123e-01 1.074509e-01
6.323573e-01 -3.774906e-01 4.779798e-01
-1.338372e-02 -5.502422e-01 -9.480150e-01
-6.064476e-01 -4.031666e-01 7.375271e-01
-2.358649e-01 -6.926908e-01 4.246075e-01
3.427309e-01 4.955093e-01 -6.062650e-01
-4.457076e-01 5.675234e-01 5.983449e-01
-5.538396e-01 4.046099e-01 2.072593e-01
6.045272e-01 -2.729658e-01 9.374978e-01
-6.960861e-02 6.037337e-02 -8.367798e-01
-1.863541e-01 5.418717e-01 -9.282658e-01
-5.493416e-01 -4.606060e-01 2.974078e-01
-1.524430e-01 7.185469e-01 8.541341e-01
6.383692e-01 -1.015699e-01 -2.307168e-01
-5.825970e-01 1.313730e-01 -2.494584e-01
-6.713545e-01 -2.684313e-01 4.143410e-01
2.757454e-01 -6.613776e-01 7.828526e-01
4.566946e-01 5.209347e-02 -9.383790e-01
3.327151e-01 5.689229e-01 8.704539e-02
-5.265085e-01 -1.440523e-01 9.364877e-01
1.475823e-01 -6.389071e-01 -1.952530e-01
4.708482e-01 -4.608105e-01 -1.921504e-01
7.141949e-01 -1.139333e-01 7.861823e-01
3.886455e-01 6.166168e-01 6.944700e-01
-1.740781e-03 5.755312e-01 -4.923573e-01
5.716563e-01 -4.238773e-01 9.342168e-01
3.680054e-01 -3.899233e-01 9.746258e-01
5.913472e-01 -3.499890e-01 -6.318924e-01
-5.461774e-01 -3.397031e-01 -5.657563e-02
2.550371e-01 2.289721e-01 -9.130802e-01
-2.718778e-01 5.012851e-01 -5.627796e-01
5.204259e-01 5.143239e-01 6.391578e-01
5.109091e-01 3.488378e-01 -3.089083e-01
3.134550e-01 7.278204e-02 -8.817792e-01
-4.024826e-01 -5.247024e-01 -6.616819e-01
-2.734380e-01 -6.696118e-01 8.570597e-01
6.133211e-01 -2.393277e-01 -4.664525e-01
4.301083e-01 5.888889e-01 8.807204e-01
-2.407480e-01 4.891225e-01 9.137860e-01
4.625727e-01 4.248241e-01 -1.356758e-01
1.058712e-01 -6.684849e-01 7.234027e-02
-5.263941e-01 2.589777e-01 -6.761081e-01
-5.324084e-01 3.344676e-01 -1.548716e-02
-6.734793e-01 3.880492e-02 1.516169e-01
5.821005e-01 4.411367e-01 8.266910e-01
6.491322e-01 1.507304e-01 -8.674771e-01
-4.649483e-01 6.741024e-01 6.869295e-01
-3.726640e-01 4.560034e-01 -7.685262e-01
7.157551e-01 1.601382e-01 5.880297e-01
3.934623e-01 3.210661e-01 9.475113e-01
6.621297e-01 -2.799830e-02 3.127662e-03
-3.156699e-01 2.182332e-01 9.513959e-01
-5.657758e-01 -2.327623e-01 -4.422904e-01
-9.388925e-02 -6.486747e-01 -3.096653e-01
-4.695826e-01 -5.617695e-01 5.676500e-01
6.827723e-01 -7.048071e-02 1.418301e-01
-5.905099e-02 6.926908e-01 2.431014e-01
-5.711792e-01 -1.763597e-01 -9.369429e-01
3.228356e-02 -6.582645e-01 -1.515916e-01
3.036193e-01 -6.552172e-01 -7.736716e-01
8.041524e-02 -1.272219e-01 9.963173e-01
-4.291591e-01 4.655251e-01 6.709261e-03
-7.286431e-01 9.401192e-02 5.772326e-01
5.889716e-01 -1.206791e-01 9.511938e-01
1.374088e-01 5.997176e-01 -9.733649e-02
5.287234e-01 -4.118510e-01 6.053548e-03
-4.223999e-01 -2.159085e-02 9.550517e-01
1.132866e-01 -7.185688e-01 6.365827e-01
-4.114567e-02 -7.192917e-01 8.465425e-01
-1.882758e-01 -6.422685e-01 1.911914e-02
-5.843593e-01 6.896921e-02 -5.113010e-01
5.885214e-01 2.538128e-01 -9.001412e-01
2.281331e-01 5.080516e-01 -9.651673e-01
6.363344e-01 3.368821e-01 7.175757e-01
7.316490e-01 4.694949e-02 3.861677e-01
5.593574e-01 4.361738e-01 2.696605e-01
-6.163734e-01 -1.595969e-01 -7.865863e-01
1.827596e-01 5.910916e-03 -8.290373e-01
-7.102178e-01 -1.169339e-01 3.228331e-01
-1.173324e-02 -6.665206e-01 -2.539978e-02
-5.311427e-01 -3.080930e-01 -9.301570e-01
-6.869977e-01 2.536765e-01 5.548351e-01
-4.889790e-01 -4.657515e-01 1.095950e-01
6.888524e-01 -2.205569e-01 3.262870e-01
2.327450e-01 4.728806e-01 9.321236e-01
-7.282585e-01 -9.845637e-02 7.964244e-01
1.868064e-01 2.262198e-01 9.743239e-01
-5.863040e-01 5.649288e-02 -9.294755e-01
-3.255275e-01 -3.078691e-01 9.684459e-01
-7.012632e-01 2.230159e-01 7.868395e-01
-5.429427e-01 -3.804478e-01 -8.038140e-01
2.188188e-01 5.747645e-01 -8.469441e-01
3.348181e-01 -5.899039e-01 5.884581e-02
-2.128955e-01 -4.389022e-01 -9.461482e-01
-6.997055e-02 -2.985055e-01 -8.551417e-01
5.379238e-01 -2.896385e-01 -9.402214e-01
-1.647867e-01 -7.078520e-01 8.274723e-01
-9.289448e-02 5.778557e-01 -7.187367e-01
5.551296e-01 3.330924e-01 -7.506681e-01
4.219034e-01 4.704661e-01 -8.627601e-01
-4.001533e-01 -6.108628e-01 3.717391e-01
5.808349e-01 -4.218693e-01 -7.954387e-01
2.171006e-01 -2.329429e-01 -8.455835e-01
2.350283e-01 -3.486576e-01 9.905172e-01
-9.004600e-02 -7.316782e-01 4.676646e-01
-4.155507e-01 5.535572e-01 2.256975e-01
-7.942047e-02 7.195400e-01 4.054886e-01
6.500572e-01 8.519045e-02 -2.459267e-02
-1.901524e-01 -7.013095e-01 6.637751e-01
4.774053e-01 -4.555069e-01 -3.357965e-01
-6.337130e-01 -9.920093e-02 -7.415601e-03
3.739516e-01 -6.279421e-01 6.672289e-01
-6.434781e-01 -3.529001e-01 5.249215e-01
-6.416040e-01 3.655349e-01 7.513739e-01
4.900426e-01 1.137980e-01 9.591895e-01
6.281733e-01 -3.610442e-01 7.104369e-01
6.091152e-01 1.728176e-01 -4.650164e-01
3.409906e-01 6.465766e-01 5.129901e-01
-3.390532e-04 -7.275039e-01 6.585274e-01
3.323086e-01 -5.914373e-01 -5.298138e-01
6.162833e-01 3.327759e-02 -9.384300e-01
-2.796568e-01 -5.834514e-01 -3.656858e-01
-3.838530e-01 3.341730e-01 9.245321e-01
-4.044956e-01 -5.027285e-01 -9.094487e-01
3.556407e-01 2.973762e-01 -9.783084e-01
1.698055e-01 -3.374224e-01 -8.598856e-01
6.736376e-01 6.407351e-02 9.214798e-01
3.622174e-01 4.926883e-01 -2.095293e-01
-5.241791e-01 2.439990e-01 -5.169259e-01
-7.116173e-01 1.203631e-01 3.533528e-01
-3.487891e-01 4.921017e-01 -1.424104e-01
-1.808607e-01 5.504661e-01 -3.345114e-01
7.066448e-01 1.822933e-01 4.067762e-01
-2.410193e-01 6.827650e-01 5.916855e-01
-2.855105e-01 6.291371e-01 8.620299e-01
-5.953706e-01 -4.807764e-02 -3.873019e-01
-2.877254e-01 -6.717561e-01 6.128222e-01
4.343823e-01 -3.548619e-01 -9.418595e-01
9.361786e-02 -6.927151e-01 -6.694487e-01
-2.258488e-02 5.785104e-01 -9.249361e-01
7.174516e-01 -4.476110e-02 9.181769e-01
2.897383e-01 5.008641e-03 9.885481e-01
6.156042e-01 -2.911720e-01 1.051557e-01
5.161762e-01 5.157454e-01 8.818279e-01
-1.575757e-02 3.464013e-01 9.573737e-01
-3.787003e-01 -5.953195e-01 2.427482e-01
3.996349e-01 -5.982524e-01 -7.419398e-01
-6.225216e-01 5.092710e-01 7.298600e-01
6.424169e-01 -1.223938e-01 -4.934915e-01
-6.053182e-01 -2.840209e-01 9.057418e-01
-1.273484e-01 5.590167e-01 -6.029110e-01
2.413584e-01 5.420981e-01 -5.974881e-01
-7.209565e-02 3.334964e-01 -9.524790e-01
-2.594450e-01 6.756140e-01 3.974687e-01
5.987173e-01 -3.607740e-01 2.032486e-01
6.430717e-01 -9.019910e-02 -9.173688e-01
-3.414409e-01 -2.083512e-01 -9.321504e-01
1.197975e-01 5.758257e-01 -6.486163e-01
-3.671242e-01 1.048638e-01 -9.666812e-01
-1.977486e-01 6.576536e-01 2.138172e-01
5.778045e-01 2.935865e-01 -3.849069e-02
6.643008e-01 1.619657e-01 1.494728e-01
6.571790e-01 2.807278e-01 2.864865e-01
1.980650e-01 7.026408e-01 5.506998e-01
7.073676e-01 1.155804e-01 7.325082e-01
6.754460e-01 8.331799e-02 -7.747816e-01
-2.757892e-01 1.743517e-01 -9.411537e-01
-9.908896e-02 -1.079095e-01 9.889010e-01
-5.720385e-01 1.736751e-01 -7.278909e-01
-1.134222e-01 7.164488e-01 5.980430e-01
3.195351e-01 6.289351e-01 2.680467e-01
-2.995497e-02 -6.986929e-01 2.057206e-01
2.370405e-01 -6.320263e-01 3.354679e-02
4.920311e-01 -5.238895e-01 8.487355e-01
-1.337917e-01 2.069074e-01 -9.029159e-01
-2.199039e-01 -2.092988e-01 -8.735816e-01
8.093513e-02 -1.602738e-01 -8.085797e-01
4.734015e-02 7.323768e-01 7.622952e-01
7.878739e-02 -7.148253e-01 8.634173e-01
-3.796714e-01 5.447828e-01 1.208446e-01
4.531678e-01 4.711428e-01 5.201022e-02
-5.875940e-01 -1.563933e-01 -5.630084e-01
5.557405e-01 -1.787287e-01 -9.487721e-01
-1.678839e-01 -6.808251e-01 -7.644395e-01
-5.891761e-01 2.312282e-01 -1.866618e-03
4.898844e-01 2.726494e-01 9.419107e-01
1.385391e-01 4.511087e-01 -9.932895e-01
3.492881e-01 -6.090811e-01 2.032486e-01
1.759547e-01 -6.372812e-01 -3.237410e-01
-7.354022e-01 1.376171e-03 7.577048e-01
-6.956358e-02 -7.292418e-01 5.760228e-01
-5.972934e-01 6.718681e-02 -6.840282e-01
6.425070e-01 -2.046294e-02 -3.001314e-01
4.337933e-01 -1.038260e-01 -9.099793e-01
3.941171e-01 4.574029e-01 -4.049093e-01
-7.419812e-02 6.273336e-01 7.667761e-03
4.105537e-02 -7.168334e-01 3.024023e-01
-1.397600e-01 3.005574e-01 9.578508e-01
-6.112863e-01 -6.177218e-02 9.123743e-01
-5.804259e-01 2.666715e-01 8.896994e-01
5.331094e-01 -5.017354e-01 5.972618e-01
-2.984203e-01 6.660703e-01 6.788584e-01
3.866131e-01 -5.374711e-01 -1.376432e-01
-1.463841e-01 -2.999270e-01 9.860777e-01
4.789631e-01 4.247560e-01 -7.872167e-01
-3.790167e-01 -5.159937e-01 -4.227406e-01
5.766508e-01 4.484240e-01 4.281149e-01
-4.344943e-01 -5.280857e-01 9.169648e-01
-6.325812e-01 2.432082e-01 1.729052e-01
3.124376e-02 -7.107849e-01 -7.516782e-01
-4.025289e-01 -4.464841e-02 -9.618377e-01
2.047794e-01 5.507606e-01 -4.387830e-01
-6.867494e-01 -7.927954e-02 2.051909e-01
1.015531e-01 5.845345e-01 -2.456492e-01
6.199903e-01 -3.008738e-01 -8.770622e-01
5.100037e-01 -4.550785e-01 -5.823780e-01
2.380803e-01 -6.725666e-01 2.673652e-01
5.972253e-01 -2.754241e-01 -1.100489e-01
1.868064e-01 6.935256e-01 3.304491e-01
4.546599e-01 5.716076e-01 4.211026e-01
-5.303517e-01 5.072849e-01 6.160277e-01
7.282585e-01 -6.542704e-02 5.961007e-01
4.324839e-02 -2.252043e-01 9.985372e-01
9.178678e-02 6.955799e-01 2.615407e-01
4.149398e-01 4.440477e-01 -5.543045e-01
1.773791e-01 3.179749e-01 -9.420883e-01
-6.129585e-01 -3.949543e-01 6.355507e-01
2.792041e-01 6.750493e-01 7.142217e-01
2.767847e-01 5.616794e-01 -5.988001e-02
-5.134185e-01 3.496507e-01 8.930778e-01
-1.815383e-02 1.327944e-01 9.786613e-01
1.515838e-01 5.830230e-01 -7.524595e-01
-4.841864e-01 2.678910e-01 -9.591895e-01
6.307971e-01 1.074808e-01 -1.905866e-01
4.580065e-01 -1.077968e-01 9.768942e-01
-5.110210e-01 3.974589e-01 6.151953e-02
1.722697e-01 6.393136e-01 1.182716e-01
-2.662724e-01 4.589145e-01 -9.762152e-01
-2.520969e-01 5.569429e-01 -9.340149e-02
1.195487e-01 1.419082e-02 9.897335e-01
-4.292491e-01 -3.157649e-01 -9.698844e-01
2.936278e-01 -5.924766e-01 -9.161835e-01
-6.424851e-01 3.403797e-01 4.018815e-01
2.856249e-01 6.134794e-01 1.649850e-01
3.170476e-01 2.386735e-01 9.667567e-01
2.213282e-01 -6.610831e-01 -6.407448e-01
-2.380127e-01 6.953997e-01 7.794985e-01
2.873433e-02 4.390824e-01 9.427942e-01
-7.643616e-02 -7.594061e-02 -8.161470e-01
-4.204333e-01 3.936229e-01 -4.061945e-01
4.091298e-01 6.090568e-01 5.972106e-01
7.257928e-01 -3.835390e-02 4.372958e-01
-3.432956e-01 -5.440136e-01 -2.240832e-01
3.819545e-01 -5.431349e-01 -3.675015e-01
4.789875e-01 -4.903200e-01 -8.905805e-01
-3.253012e-01 -6.576536e-01 4.566168e-01
3.825873e-01 -2.728295e-01 -9.062967e-01
-6.878131e-01 -2.566557e-01 5.114762e-01
1.163159e-01 6.292272e-01 8.913642e-01
1.288631e-01 6.263405e-01 2.935986e-02
-3.772520e-01 -6.199099e-01 7.979116e-01
-1.568514e-01 -3.441450e-01 -8.875039e-01
-3.413752e-01 -5.980041e-01 -8.158963e-01
3.762346e-01 -6.290690e-01 5.686333e-01
-4.902008e-01 4.896653e-01 8.640477e-01
-2.748181e-01 5.065401e-01 -3.665693e-01
-2.253976e-01 -6.170452e-01 -4.994450e-01
-7.422076e-02 -6.863746e-01 9.343945e-01
1.701219e-01 -4.388804e-01 -9.000414e-01
-9.266837e-02 5.256054e-01 9.187562e-01
7.153487e-01 -2.558428e-02 7.415626e-01
7.167725e-01 -1.582884e-01 3.966849e-01
-5.875039e-01 6.887891e-02 -3.615237e-01
-3.243057e-01 -5.835877e-01 2.850213e-02
3.446757e-01 5.208665e-01 -7.932189e-01
5.650091e-01 2.860752e-01 -6.189023e-01
5.250164e-01 -3.964440e-01 -2.638092e-01
5.264184e-01 -5.141901e-01 4.942753e-01
-2.231140e-01 4.920555e-02 9.747012e-01
-6.261847e-01 -5.193550e-02 -8.086065e-01
-4.257223e-01 4.168383e-01 -1.952277e-01
-4.744651e-01 -5.466764e-01 3.306754e-01
6.417841e-01 3.575928e-01 4.620884e-01
5.980601e-01 2.225647e-01 -1.678101e-01
-4.314664e-01 4.113107e-01 -8.323403e-01
3.626263e-01 -5.616356e-01 -3.395035e-02
-3.682779e-02 1.487000e-01 -8.579433e-01
-5.645564e-01 -2.431630e-01 -3.103712e-01
-1.024123e-01 7.279761e-01 7.721845e-01
5.078106e-01 -4.251406e-01 -1.078545e-01
-7.321017e-01 8.929658e-02 8.372594e-01
4.883680e-01 -4.993428e-01 1.920243e-01
-7.193038e-01 -1.802629e-02 3.974687e-01
2.496775e-01 6.879080e-01 8.690665e-01
-5.783692e-01 4.408884e-01 4.820421e-01
1.932944e-02 -5.548667e-01 9.669563e-01
6.890568e-01 -9.599732e-02 -8.332505e-01
-5.321139e-01 5.081660e-01 7.616162e-01
-5.773981e-01 1.515200e-01 9.079348e-01
5.000803e-01 -4.367141e-01 -4.298041e-01
1.520811e-01 -7.016478e-01 2.973810e-01
-5.860338e-01 -1.397656e-01 -4.357064e-01
7.079104e-01 -1.970933e-01 5.440136e-01
-5.584033e-03 -2.305063e-01 -8.274479e-01
-1.912596e-02 6.504344e-01 8.522916e-02
-4.267178e-01 3.821614e-01 -5.155872e-01
-1.957138e-01 -6.269952e-01 -1.114110e-01
6.319946e-01 -1.991690e-01 -2.976342e-02
-6.342339e-01 3.479372e-01 5.948399e-01
1.441911e-01 4.398953e-01 9.427942e-01
-5.917074e-01 -2.309802e-01 -7.278423e-01
-5.656857e-01 -4.030303e-01 2.034757e-01
2.633102e-01 -6.838481e-01 5.600560e-01
5.868711e-01 3.270902e-01 1.031630e-01
6.416040e-01 1.485644e-01 -6.832713e-01
6.287161e-01 9.922356e-02 -3.848558e-01
5.323403e-01 5.023439e-01 4.915492e-01
-6.502154e-01 2.932944e-04 5.135450e-02
-2.600560e-01 6.800122e-01 4.994961e-01
4.448485e-01 -5.684264e-01 6.840282e-01
2.203561e-01 -1.468273e-01 9.974516e-01
6.818887e-01 -1.463084e-01 1.974222e-01
6.800803e-01 2.540830e-01 8.949202e-01
-4.917366e-01 -4.507241e-01 -7.661312e-01
1.748470e-01 -6.762444e-01 1.983050e-01
-2.390977e-01 -6.241524e-01 -6.025824e-01
-6.138639e-01 -8.744676e-02 -1.425868e-01
7.374589e-02 3.954947e-02 -8.112304e-01
-4.008324e-01 6.036436e-01 8.591529e-01
2.697773e-01 -6.094876e-01 9.421370e-01
6.083704e-01 5.050505e-01 6.101253e-01
-3.882853e-01 6.218498e-01 6.795132e-01
-5.958452e-01 3.248874e-03 -5.760983e-01
7.772496e-02 2.028239e-01 9.760132e-01
1.695568e-01 -4.625459e-01 9.814603e-01
-4.532360e-01 1.653049e-01 -9.923061e-01
-5.562590e-01 -3.123573e-01 -6.854667e-01
6.728027e-01 -2.736668e-01 6.969429e-01
5.423999e-01 4.900255e-01 7.518535e-01
3.249385e-01 -5.747888e-01 -1.957069e-01
-3.700864e-02 -6.544505e-01 -2.127075e-01
-4.871267e-01 3.493805e-01 -1.803712e-01
1.869419e-01 -7.004527e-01 7.116222e-01
-7.256809e-01 -9.920093e-02 5.232055e-01
5.467859e-01 2.983011e-01 -5.021954e-01
8.733309e-02 1.688921e-01 -8.575904e-01
-5.112693e-01 -3.675867e-01 -2.188619e-01
6.487234e-01 -8.789777e-02 -9.844614e-02
-6.011586e-01 -1.100754e-01 -6.408713e-01
-4.778557e-01 -4.141073e-01 -5.032299e-01
-1.059391e-01 1.583108e-01 9.740952e-01
-3.804624e-01 -5.345625e-01 -3.125155e-02
-5.032664e-01 3.240453e-01 -8.723208e-01
-3.718729e-01 -6.327930e-01 6.327759e-01
-4.721139e-01 -4.379554e-01 -6.168601e-01
6.514153e-01 -2.135855e-01 1.372900e-01
1.979294e-01 -6.895339e-01 8.213679e-01
-6.964951e-01 8.764975e-02 2.551831e-01
6.751978e-01 -1.860158e-01 -7.461531e-01
-6.604356e-01 1.476395e-01 1.657671e-01
1.636777e-02 -3.454107e-01 -8.581696e-01
-1.745530e-01 -6.971352e-01 2.931946e-01
4.858586e-01 -4.732408e-01 7.609857e-02
-2.617963e-02 -4.752026e-01 9.550517e-01
-4.336814e-01 5.874212e-01 5.079445e-01
-4.101010e-01 -2.749057e-01 9.564901e-01
5.405257e-01 -3.362273e-01 9.480662e-01
-4.156626e-01 5.818498e-01 3.287842e-01
-3.881489e-01 -5.641158e-01 1.466983e-01
-1.887721e-02 -7.033418e-01 -8.431374e-01
3.301156e-01 5.147742e-01 -7.044079e-01
5.743678e-01 -3.244736e-01 -4.294755e-01
-6.787465e-01 2.664914e-01 4.570183e-01
4.959645e-01 3.658050e-01 -5.410637e-01
-1.278233e-01 5.008105e-01 -9.858488e-01
-5.410004e-01 -3.466740e-01 9.180503e-01
-5.663186e-02 5.918218e-01 -1.990617e-01
-5.353024e-01 4.595449e-01 2.800779e-01
5.685798e-02 5.884824e-01 -7.112693e-01
6.712425e-01 2.856006e-01 3.747402e-01
-1.150736e-02 5.946428e-01 -7.755385e-01
5.757916e-01 -4.292929e-01 6.841548e-01
-2.848558e-02 7.311354e-01 5.749373e-01
-1.772433e-01 -6.438238e-01 -9.008737e-01
-7.085213e-01 1.978605e-01 6.603432e-01
-1.913053e-01 -1.145425e-01 -8.600364e-01
6.623561e-01 -1.547689e-01 -6.533309e-01
-4.947207e-01 -4.070245e-01 -1.084347e-01
-3.954971e-01 3.094925e-01 -9.890276e-01
-2.412002e-01 -1.635682e-02 -8.810733e-01
-6.987781e-01 -1.974996e-01 3.581453e-01
3.457612e-01 -5.726664e-01 -4.428453e-01
1.200689e-01 -6.948570e-01 9.391871e-01
-2.920896e-01 6.291590e-01 2.351814e-01
-2.122843e-02 -1.497829e-01 9.935669e-01
-4.295899e-01 -4.667421e-01 -2.918827e-01
1.769269e-01 -6.448168e-01 -4.450383e-01
3.309748e-02 6.732895e-01 8.747670e-01
-6.628550e-02 -6.201582e-01 -9.378751e-01
-6.072167e-01 3.209079e-01 2.061241e-01
1.130388e-02 -4.588244e-01 -9.031690e-01
-3.273360e-01 6.484264e-01 4.466034e-01
-5.606669e-02 -6.774857e-01 -6.045247e-01
-5.264622e-01 2.436826e-01 -4.228161e-01
-6.264792e-01 -2.934526e-01 1.988346e-01
5.920701e-01 2.119837e-01 -3.559255e-01
-3.266788e-01 -2.952124e-01 -9.438018e-01
-9.407009e-02 -6.564147e-01 -5.339759e-02
2.556018e-01 -6.855178e-01 4.414823e-01
-5.209249e-01 -3.966241e-01 4.792503e-03
-2.681928e-01 5.194012e-01 -9.015796e-01
3.075989e-01 5.312912e-01 -1.535339e-01
5.637653e-01 3.961957e-01 1.882156e-01
3.352708e-01 -6.343264e-01 8.515614e-01
-3.463478e-02 6.152854e-01 -6.890982e-02
-6.081660e-01 2.380416e-01 8.275745e-02
3.184276e-01 4.737374e-01 -9.572204e-01
6.411269e-01 2.453280e-01 1.582504e-01
-4.951296e-01 5.293270e-01 4.021589e-01
-5.460630e-01 -4.829865e-01 4.307631e-01
-5.424242e-01 -4.874772e-01 7.878982e-01
3.063089e-01 -5.865206e-01 -3.249507e-01
-4.552927e-01 4.138152e-01 8.931288e-01
-6.824997e-01 -2.470877e-01 8.925739e-01
-1.198247e-03 -3.244736e-01 9.941220e-01
4.486016e-01 1.526706e-01 -9.629986e-01
-4.592722e-01 5.728465e-01 6.856930e-01
5.690106e-01 -3.652403e-01 6.938907e-02
5.626336e-01 3.298430e-01 -8.562030e-01
2.002354e-01 -5.723963e-01 -9.385056e-01
-1.906949e-01 -5.388244e-01 9.581307e-01
1.093981e-01 -6.092394e-01 -9.365121e-01
2.090522e-01 -6.303784e-01 -8.530486e-02
-7.355361e-01 -3.158573e-03 5.789485e-01
-4.606060e-01 -5.451211e-01 6.566606e-01
6.562979e-01 -3.277668e-01 4.121212e-01
-5.283607e-01 -4.945162e-01 9.055129e-01
-7.342947e-01 3.799270e-02 6.800949e-01
-5.991457e-01 -1.066686e-01 -2.674918e-01
4.745333e-01 4.289522e-01 -5.107703e-02
6.451746e-01 -6.323865e-02 -4.318218e-01
-2.706121e-01 -6.205647e-01 9.268784e-01
1.083128e-01 -6.636339e-01 -5.100645e-01
-6.074650e-01 5.565803e-02 9.083899e-01
-5.022952e-01 -3.703614e-01 -4.045808e-01
3.732749e-01 6.269709e-01 4.365900e-01
9.913424e-02 7.217281e-01 4.948545e-01
-1.529402e-01 -2.611002e-01 -8.648290e-01
-5.538639e-01 -2.768018e-01 -5.607375e-01
-2.617744e-01 3.117026e-01 -9.941220e-01
1.232564e-01 -7.019423e-01 -8.341827e-01
6.742266e-01 -2.923695e-01 5.203286e-01
6.221151e-01 -3.855689e-02 9.411294e-01
6.004113e-01 2.992941e-01 9.114421e-01
2.606645e-02 -7.210953e-01 7.409565e-01
3.445394e-02 3.046878e-01 -9.252379e-01
4.750980e-01 3.965778e-01 -2.397215e-01
4.891834e-01 4.913569e-01 2.158352e-01
5.164026e-01 3.391822e-01 -4.148716e-01
-5.972472e-01 1.227095e-01 -1.512384e-01
5.804941e-01 4.183035e-01 6.353730e-01
-1.698958e-01 5.642059e-01 -7.772033e-01
6.870658e-01 2.332362e-01 7.821467e-01
6.721236e-01 -2.515784e-01 8.890179e-01
-1.667759e-01 5.927467e-01 -6.737130e-02
6.053621e-01 2.400947e-01 -7.009541e-01
4.657831e-01 -1.974102e-02 9.727345e-01
-2.598296e-01 -6.865766e-01 5.174784e-01
7.233784e-04 -1.390437e-01 -7.971036e-01
-4.498917e-01 -1.146102e-01 9.526055e-01
1.747338e-01 5.649970e-01 -3.085798e-01
-7.267664e-01 7.142826e-02 4.536911e-01
-1.677707e-01 -6.299282e-01 -2.753633e-01
-3.496045e-01 -5.570549e-01 -6.012973e-01
5.903298e-01 -3.130340e-01 -5.281733e-01
6.220031e-01 -3.497870e-01 -8.040160e-01
-5.761543e-01 1.814584e-01 -8.805184e-01
-3.294828e-01 -9.640331e-02 9.708166e-01
-2.917050e-01 5.501059e-01 8.893951e-01
6.806450e-01 2.703030e-01 5.818498e-01
6.748351e-02 7.245491e-01 6.820616e-01
-3.184276e-01 5.565584e-01 4.184544e-02
-2.292418e-02 4.074066e-01 -9.928612e-01
-4.449848e-01 3.720993e-01 -6.694998e-01
-7.117318e-01 -1.783225e-01 8.153924e-01
-7.211367e-01 -1.437140e-01 6.567360e-01
6.281051e-01 -2.718608e-01 -6.389558e-01
1.116588e-01 -7.267153e-01 4.778800e-01
-6.325593e-01 -3.630084e-01 8.917658e-01
6.136838e-01 3.954046e-01 8.878568e-01
-5.185493e-01 3.267981e-01 -9.652939e-02
4.062796e-01 -6.148351e-01 4.888524e-01
2.095497e-01 2.427577e-02 9.901618e-01
-3.872678e-01 4.800754e-01 -7.042327e-02
2.529341e-01 -3.429281e-02 -8.452038e-01
-6.585810e-01 -1.491737e-01 1.441003e-01
-3.341390e-01 1.606353e-02 9.656955e-01
-2.581331e-01 2.799367e-01 9.505878e-01
-5.596276e-01 -1.346891e-02 -9.635025e-01
-2.014110e-01 -6.962784e-01 7.548302e-01
6.543750e-01 2.420810e-02 -5.788487e-01
3.647268e-01 4.802799e-01 -3.320628e-01
-3.992722e-01 4.210344e-01 -3.321139e-01
6.863429e-01 1.653499e-01 9.159571e-01
5.773981e-01 -4.318851e-01 7.890081e-01
5.819179e-01 -2.983911e-01 -2.080158e-01
3.264987e-01 5.522721e-01 7.339905e-03
6.444956e-01 -2.019204e-02 -2.185844e-01
5.893562e-01 1.031943e-01 9.445077e-01
3.670561e-01 -5.476013e-01 -9.170159e-01
-1.908305e-01 -6.603408e-01 -6.889716e-01
7.164561e-01 1.710354e-01 4.994450e-01
-3.775685e-01 -5.624242e-01 -7.396203e-01
-2.188638e-01 -5.687867e-01 -9.440550e-01
-1.582755e-01 -1.635451e-01 9.876914e-01
-8.514007e-02 -7.039942e-01 -7.965243e-01
4.180820e-01 -5.816697e-01 8.840988e-01
-6.330802e-01 3.834246e-01 8.367798e-01
1.065270e-01 -7.088694e-02 -7.862091e-01
4.235755e-01 -5.633272e-01 -6.730826e-01
-9.635342e-02 5.649970e-01 -4.916246e-01
6.527930e-01 1.658914e-01 -7.867640e-01
7.112109e-01 -1.176785e-01 8.666691e-01
4.935231e-02 -6.830352e-01 1.279070e-01
-5.833662e-01 -3.087696e-01 5.768553e-02
-3.175222e-01 4.125301e-01 9.205209e-01
1.593608e-01 7.145990e-01 6.282341e-01
-6.463064e-01 -3.482512e-01 6.943191e-01
2.159250e-01 5.763660e-01 -1.103264e-01
-1.830534e-01 7.000681e-01 4.015796e-01
-9.418303e-02 5.690349e-01 -3.944919e-01
5.315030e-02 -6.603164e-01 -7.408056e-02
-1.538671e-01 5.092028e-02 -8.598101e-01
6.327857e-01 1.031040e-01 -5.055227e-01
-7.285506e-01 -8.931922e-02 8.761032e-01
6.727345e-01 2.030043e-01 2.232508e-01
1.972963e-01 -7.004527e-01 6.266204e-01
5.742315e-02 4.475429e-01 -9.970744e-01
4.243446e-01 -5.232591e-01 1.735353e-02
5.286552e-01 -4.835511e-01 -8.238652e-01
3.850529e-01 8.830400e-02 -9.132311e-01
5.860776e-01 -2.881490e-01 -3.150128e-01
-2.251262e-01 -3.249921e-01 9.799732e-01
-1.834830e-01 3.890203e-01 9.409273e-01
-6.258221e-01 9.570403e-02 -1.712669e-02
-2.419688e-01 -6.587368e-01 2.162638e-01
1.384036e-01 5.879421e-01 -8.794329e-01
-4.409371e-01 -4.693367e-01 -1.277556e-01
-3.801022e-01 6.959401e-01 7.066788e-01
-3.372837e-01 4.616892e-01 -5.095339e-01
6.644809e-01 -2.347704e-01 -8.233881e-01
3.440647e-01 -6.221443e-01 7.402507e-01
5.269368e-01 3.675648e-01 -4.971498e-02
4.633418e-01 3.675648e-01 -9.475356e-01
3.527686e-01 6.380942e-01 8.767336e-01
4.626871e-01 -2.666715e-02 -9.349495e-01
-7.153024e-02 7.107411e-01 3.188731e-01
6.541268e-01 1.301095e-01 5.947645e-02
2.111320e-01 7.026189e-01 8.018717e-01
2.597615e-01 6.669733e-01 3.166776e-01
-2.538372e-01 -6.495095e-01 -7.827260e-01
-4.195740e-01 6.041183e-01 7.550322e-01
-1.946964e-01 3.541171e-01 -9.946525e-01
-4.644055e-01 -3.527200e-01 9.388073e-01
-2.979895e-01 -5.775855e-01 -1.576201e-01
-2.260679e-03 -6.747791e-01 5.208592e-02
7.223123e-01 -8.101667e-02 6.864744e-01
-4.097384e-01 -1.225742e-01 -9.673871e-01
-3.034830e-01 5.046464e-01 -7.759668e-01
-6.924693e-02 -4.978995e-01 -9.312669e-01
4.081563e-01 6.079981e-01 7.697870e-01
2.442741e-01 -2.213238e-01 9.957624e-01
5.351880e-01 2.248660e-01 -9.579287e-01
3.231082e-01 -4.331264e-01 -9.332335e-01
-5.924328e-01 -2.132019e-01 -1.140847e-01
-6.282633e-01 -3.751685e-01 8.087063e-01
6.554168e-01 4.343896e-01 5.769819e-01
-1.022994e-01 -7.008811e-01 2.437069e-01
3.093611e-01 -2.707338e-01 -8.786759e-01
-6.228161e-01 -1.188743e-01 -8.563783e-01
-3.050894e-01 -5.712450e-01 -4.383546e-01
6.357259e-01 -3.325277e-01 8.980991e-01
2.506730e-01 -6.675137e-01 -7.178264e-01
1.809736e-01 -6.556480e-01 8.868492e-02
4.725666e-01 4.157989e-01 -7.100840e-01
6.079177e-02 -6.569551e-01 -3.505781e-01
-2.638067e-01 -6.194134e-01 6.177169e-02
7.114835e-01 1.149035e-01 6.548448e-01
-1.680421e-01 -7.139662e-01 3.930777e-01
-5.988755e-01 -3.999611e-01 3.149617e-01
-1.198428e-01 -6.769672e-01 -6.565364e-01
-5.557843e-01 4.742777e-01 5.483023e-01
-4.220372e-01 -5.984544e-01 4.944262e-01
6.273141e-01 1.928745e-01 -6.557138e-04
-6.038481e-02 2.482658e-04 9.839065e-01
3.989777e-01 3.969380e-01 9.331070e-01
-1.146431e-01 1.175431e-01 -8.632396e-01
4.392430e-01 -5.518437e-01 -8.600608e-01
-5.667031e-01 -9.917829e-02 -9.553559e-01
3.971011e-01 -6.194353e-01 4.101813e-01
-2.030839e-01 6.216478e-01 9.178727e-02
-6.449044e-01 2.664452e-01 2.457004e-01
-4.596130e-01 -4.875891e-01 -8.512839e-01
2.324060e-02 5.616113e-01 9.140635e-01
-7.021686e-01 2.240764e-01 8.637702e-01
2.408159e-01 6.885627e-02 -8.568066e-01
2.546063e-01 -6.292491e-01 -5.285019e-01
-5.489570e-01 4.842497e-01 6.869538e-01
-1.336785e-01 -6.503225e-01 -5.083242e-01
6.224315e-01 3.492442e-01 2.856273e-01
-1.977259e-01 -6.573396e-01 1.379710e-01
-3.498527e-01 -4.715030e-01 -9.534380e-01
-3.114859e-01 -6.346209e-01 2.457247e-01
-2.161509e-01 5.281538e-01 -5.175806e-01
3.798077e-02 -3.925861e-01 9.823195e-01
6.676694e-01 -8.340830e-02 6.525252e-02
-3.830619e-01 3.971644e-01 -9.569697e-01
-6.085286e-01 -3.864719e-02 -2.094032e-01
-6.006158e-01 6.111793e-02 -2.197447e-01
-6.402020e-01 3.629183e-01 6.693489e-01
-6.463721e-01 -3.440550e-01 4.318218e-01
-5.338785e-01 4.214409e-01 8.690665e-01
1.272355e-01 -4.001655e-01 9.905416e-01
9.117634e-02 6.169088e-01 -3.970135e-02
1.243422e-02 -6.207448e-01 -9.374978e-01
2.849458e-01 1.424732e-01 -8.904296e-01
2.606645e-02 5.910089e-01 -2.465060e-01
-3.543970e-01 5.853231e-01 1.942188e-01
-2.795643e-01 5.141901e-01 -2.717050e-01
1.373861e-01 6.651454e-01 1.802957e-01
2.104766e-01 4.277571e-01 -9.904150e-01
3.068297e-01 5.113910e-01 -3.868224e-01
2.632421e-01 -8.117464e-02 9.924327e-01
5.517829e-01 4.802799e-01 5.612170e-01
-1.690369e-01 -4.664500e-01 9.723037e-01
2.651649e-01 -1.393823e-01 -8.443228e-01
-1.381548e-01 -4.471145e-01 -9.236486e-01
2.152467e-01 -6.836899e-01 -8.243447e-01
-5.221906e-01 -2.281373e-01 -9.616112e-01
6.753121e-01 2.165754e-03 -6.965145e-01
-1.052834e-01 7.211415e-01 6.808251e-01
-3.326713e-01 -5.770427e-01 -8.877814e-01
3.202361e-01 4.293586e-01 9.352781e-01
6.089790e-01 -4.101594e-01 4.143410e-01
-1.768365e-01 -1.554460e-02 9.815869e-01
2.896945e-01 -6.049750e-01 -1.286382e-02
4.870804e-01 -1.769690e-01 9.716734e-01
6.621979e-01 2.897067e-01 6.521212e-01
4.512255e-01 5.751710e-01 6.901083e-01
2.723086e-01 6.766070e-01 5.186905e-01
6.159206e-01 3.983838e-01 5.241134e-01
5.475332e-01 -3.752586e-01 -5.685311e-02
-5.575928e-01 2.696726e-01 -6.721991e-02
5.380382e-01 2.071556e-01 9.424413e-01
-3.921504e-01 3.214945e-02 -9.662772e-01
6.515492e-01 -1.054278e-01 -2.550079e-02
-4.873068e-01 -5.301180e-01 7.296823e-01
3.120969e-01 1.285077e-01 9.789899e-01
-6.240599e-01 4.351588e-01 7.189631e-01
1.050347e-01 7.111476e-01 3.540075e-01
6.388901e-01 1.054728e-01 -9.582305e-02
4.680443e-01 -5.486406e-01 7.822466e-01
-5.311427e-01 2.353343e-01 -6.000340e-01
4.982037e-01 -4.356991e-01 9.423902e-01
-1.920740e-01 1.172272e-01 9.722039e-01
-2.032420e-02 1.516101e-02 -8.036120e-01
2.450651e-01 6.090349e-01 9.244323e-02
-6.044371e-01 -1.964391e-01 -8.732797e-01
-6.799683e-01 -2.627017e-01 7.220153e-01
5.121967e-01 -5.099915e-01 3.190751e-01
-2.696848e-01 -5.874674e-01 -2.920603e-01
5.756334e-01 -4.591846e-01 4.848923e-01
1.299939e-02 -7.351077e-01 4.699598e-01
-5.387392e-02 -6.666106e-01 -5.309748e-01
-5.086917e-01 -3.723938e-01 -5.648996e-01
-9.076938e-02 -6.856979e-01 1.651364e-01
-2.832956e-01 -4.061434e-01 -9.575246e-01
-1.138744e-01 2.316568e-01 9.671339e-01
6.901180e-01 -4.059876e-04 -7.756407e-01
5.603067e-01 4.579676e-01 8.958793e-01
-7.208422e-01 1.527835e-01 7.995765e-01
-4.133576e-01 1.890841e-01 9.401947e-01
7.225143e-01 -3.316539e-03 3.158963e-01
-3.904783e-01 4.295168e-01 -6.909894e-01
-5.058439e-01 -5.312012e-01 5.111476e-01
7.269928e-01 7.181185e-02 5.970841e-01
3.118705e-01 -5.143702e-01 9.608543e-01
-5.908726e-01 2.418547e-02 -4.531605e-01
-5.001704e-01 3.091761e-01 -2.759158e-01
-7.083412e-01 1.797439e-01 5.890373e-01
-4.789875e-01 4.860557e-01 1.956819e-01
-3.885798e-01 -4.703079e-01 9.379262e-01
6.119192e-01 3.989923e-01 7.480954e-01
5.742242e-03 6.008008e-01 -8.556481e-01
-6.198101e-01 5.730559e-03 -8.703516e-01
-7.345211e-02 -7.258805e-01 6.532554e-01
4.444639e-02 1.870318e-02 -7.475404e-01
6.236290e-01 -1.940251e-01 9.379505e-01
-4.815383e-03 -6.593915e-01 -3.841743e-01
4.035901e-01 6.095315e-01 5.006061e-01
1.791425e-01 5.850310e-01 9.045296e-01
4.106219e-01 -5.382159e-01 -5.248193e-01
4.275988e-01 4.430547e-01 -6.481854e-01
-3.819545e-01 5.204843e-01 5.226263e-02
-5.460411e-01 -2.862553e-01 -3.660387e-01
1.307170e-01 7.817403e-02 -8.349129e-01
2.174171e-01 2.916003e-01 9.651673e-01
6.463283e-01 -3.125374e-01 7.613630e-01
-4.827163e-01 -4.035487e-01 -3.024023e-01
4.751661e-01 3.875989e-01 -3.798880e-01
-3.757381e-02 -7.336619e-01 4.175952e-01
3.292564e-01 -6.578119e-01 4.106584e-01
2.518486e-02 2.872240e-01 9.664281e-01
2.608689e-01 5.310867e-01 -5.126615e-01
-3.671461e-02 4.814969e-01 9.321747e-01
3.593696e-01 -3.646757e-01 -9.222612e-01
6.808275e-01 -1.958751e-01 2.502641e-01
5.413825e-01 -4.695169e-01 8.868224e-01
6.953632e-01 -1.823383e-01 7.431763e-01
5.514202e-01 2.928417e-01 -2.873944e-01
-5.100037e-01 6.341901e-01 7.270853e-01
1.658041e-01 1.124442e-01 9.844371e-01
4.480151e-01 5.486625e-01 2.761178e-01
-6.272021e-01 -1.656658e-01 2.030473e-02
5.943994e-01 -2.357405e-01 -9.269027e-01
6.431398e-01 -3.525398e-01 5.697675e-01
-5.983327e-01 4.219374e-01 5.740562e-01
1.213122e-01 5.904904e-01 -1.765374e-01
-6.658610e-01 -2.889838e-01 3.454570e-01
-4.650383e-01 -4.693611e-01 -7.018863e-01
6.607059e-01 3.192381e-01 5.200024e-01
3.366946e-01 6.364707e-01 3.754728e-01
3.917439e-01 -1.044566e-02 9.809565e-01
4.071170e-01 2.474723e-01 -9.743483e-01
-2.161735e-01 5.288523e-01 -6.003383e-01
-5.682196e-01 2.941730e-01 3.185688e-02
-5.181648e-02 6.732433e-01 1.744690e-01
-5.549252e-01 1.747579e-01 -4.830741e-01
-7.284167e-02 -3.235706e-01 9.921041e-01
4.794621e-01 -4.516052e-01 -2.630035e-01
-5.237483e-01 4.087380e-01 1.309843e-01
-6.346404e-01 -3.555629e-01 3.579676e-01
-1.454572e-01 5.671169e-01 -2.747815e-01
-5.280005e-01 2.762371e-01 -2.190636e-01
2.068368e-01 -6.281002e-01 -1.565859e-01
7.190118e-01 9.263575e-02 8.158209e-01
5.393939e-01 3.934648e-01 9.652939e-02
3.134988e-01 -1.535504e-01 9.913228e-01
-5.742996e-01 1.792024e-01 -1.973465e-01
4.947450e-01 -1.316663e-01 -9.340416e-01
8.823731e-02 7.296240e-01 8.575635e-01
-7.031860e-01 1.792024e-01 4.021589e-01
-6.890106e-01 -1.409614e-01 2.494317e-01
-5.309383e-01 5.628989e-02 -9.761640e-01
-5.305318e-01 -3.769721e-01 -8.778946e-01
2.883826e-01 2.939710e-01 -9.555312e-01
-6.813460e-01 2.857125e-01 7.599513e-01
3.554825e-01 -3.204795e-01 9.827723e-01
9.947669e-04 4.557332e-02 9.828477e-01
5.694852e-02 5.761202e-01 -4.525057e-01
5.159036e-01 5.188584e-01 4.242035e-01
5.128538e-01 3.716247e-01 -1.191040e-01
-2.736424e-01 5.105123e-01 -6.980017e-01
3.911160e-03 -7.162005e-01 9.011513e-01
-2.201752e-01 2.178720e-01 -9.355044e-01
-7.224023e-01 -1.231834e-01 7.245126e-01
-5.723111e-01 -3.092442e-01 -7.751856e-01
-3.089108e-01 4.821516e-01 -6.200121e-01
3.697481e-01 2.280930e-02 -8.913642e-01
5.581137e-01 -4.192065e-01 1.960854e-01
5.672703e-01 2.948959e-01 -1.082833e-01
-5.122867e-01 -5.237313e-01 6.089132e-01
5.757235e-01 -1.111583e-01 -9.516222e-01
5.084897e-01 -5.304101e-01 4.033686e-01
6.135913e-01 -3.531483e-01 -7.338955e-01
3.725058e-01 -5.783303e-01 1.236191e-01
4.027772e-01 -1.711707e-01 -8.966605e-01
-3.773664e-01 -5.253109e-01 -5.390459e-01
-5.685360e-01 -4.491445e-01 6.415017e-01
5.562590e-01 -3.947962e-01 -5.906511e-01
3.711257e-01 -4.591846e-01 9.637045e-01
-6.050237e-01 3.826579e-01 3.602385e-01
-6.171181e-01 -1.446389e-01 -5.819009e-02
6.413314e-01 9.092126e-03 -3.635925e-01
-1.616894e-01 -6.775076e-01 -8.414969e-01
-5.197250e-01 2.940148e-01 -7.837361e-01
2.256011e-01 6.965949e-01 6.411732e-01
2.947572e-01 -6.426968e-01 2.310953e-01
-4.387222e-01 -5.202580e-01 1.270242e-01
5.738931e-01 4.466399e-01 3.584471e-01
-1.662560e-01 5.318315e-01 9.110624e-01
-5.792965e-01 2.018763e-01 -1.101750e-01
-5.244493e-01 2.139014e-01 9.142169e-01
-2.500402e-02 -6.068248e-01 9.532116e-01
-2.026995e-01 -6.981526e-01 8.851089e-01
-5.801095e-02 5.381940e-01 -9.693538e-01
1.464744e-01 -2.951880e-01 9.950055e-01
-3.248266e-01 -5.333430e-02 -9.184033e-01
6.839917e-01 6.813435e-02 1.681633e-01
6.952270e-01 2.104269e-01 3.436656e-01
6.980990e-01 1.126474e-01 2.454472e-01
6.152415e-01 1.161894e-01 -9.296532e-01
5.625897e-01 -3.352343e-01 -2.694852e-01
3.768456e-01 5.924522e-01 2.531143e-01
4.108920e-01 4.745722e-01 -1.069716e-01
-2.122173e-01 -3.743994e-01 -9.165875e-01
1.642665e-01 6.057418e-01 -3.359742e-02
-3.610661e-01 -6.355458e-01 7.072849e-01
-4.397615e-01 -4.927102e-01 1.251065e-02
-2.047567e-01 4.910405e-01 -9.752805e-01
3.248266e-01 4.093708e-01 -9.821662e-01
-2.196551e-01 7.016940e-01 8.532019e-01
-1.908078e-01 5.724644e-01 -1.384756e-01
7.212048e-01 1.145876e-01 4.080613e-01
1.141908e-01 -6.486309e-01 -2.551320e-01
-6.249190e-01 -7.178921e-02 -7.034757e-02
-5.810831e-01 -2.010415e-01 -2.520311e-01
-6.151296e-01 1.687567e-01 1.243495e-02
-6.602312e-01 2.757405e-01 3.168042e-01
7.193720e-01 -1.337644e-01 5.909796e-01
1.480343e-01 -6.681684e-01 -8.926761e-01
4.588220e-01 4.930948e-01 1.379207e-01
-6.087306e-01 -1.413676e-01 -7.205257e-01
-4.820153e-01 -3.571644e-01 -9.457710e-01
6.443154e-01 -3.458829e-01 6.454618e-01
2.881781e-01 -2.818547e-01 9.912231e-01
-4.857466e-01 4.023317e-01 -2.068395e-03
-3.429573e-01 -1.398785e-01 -9.285919e-01
1.549298e-01 -6.777559e-01 -6.368601e-01
-4.274188e-01 -5.740222e-01 2.889570e-01
-1.359847e-01 -7.072216e-01 9.131824e-01
-5.773737e-01 1.258681e-01 -3.248241e-01
4.036801e-01 -5.494755e-01 9.428185e-01
-6.824558e-01 6.926250e-02 8.799878e-01
-4.658294e-01 3.441913e-01 -3.699988e-01
-2.565510e-01 5.915273e-01 5.195984e-02
5.287453e-01 -4.902957e-01 7.978605e-01
-7.325082e-01 6.817938e-02 7.717293e-01
2.588560e-02 1.942507e-01 -8.733284e-01
3.495363e-01 6.354996e-01 6.172618e-01
6.742266e-01 7.652720e-02 -8.426335e-01
-3.962200e-01 4.332165e-01 -8.974176e-01
-1.741913e-01 7.100401e-01 5.680516e-01
3.539223e-01 5.736157e-01 1.514908e-01
4.613289e-01 -4.738956e-01 -1.171620e-01
4.655811e-01 -2.725155e-01 -9.427674e-01
8.638360e-02 -5.650407e-01 9.652428e-01
5.185493e-01 3.347158e-01 -9.231690e-01
2.928587e-01 5.485043e-01 -8.268176e-01
-2.670853e-01 -6.744408e-01 7.865863e-01
-3.077352e-01 9.868199e-02 -9.351003e-01
-4.189631e-01 -5.920701e-01 8.613728e-01
-6.070123e-02 6.848631e-01 8.672240e-01
-1.675899e-01 -6.413435e-01 -4.504880e-02
-5.279323e-01 -4.637191e-01 2.335923e-01
7.061020e-01 -1.429918e-01 3.092126e-01
5.193185e-01 4.108360e-02 -9.605768e-01
4.908774e-01 4.245978e-01 1.407448e-02
-6.147913e-01 3.925520e-03 -1.499267e-01
5.459730e-02 5.140757e-01 -9.876646e-01
4.175611e-01 -3.445515e-01 9.725569e-01
-5.325666e-01 -3.430863e-01 -6.307070e-01
2.486844e-02 7.005646e-01 2.614896e-01
2.897383e-01 -6.624388e-01 7.163636e-01
6.446537e-01 9.175587e-02 -5.945113e-01
-5.774200e-01 -2.588658e-01 -8.951467e-01
3.221127e-01 -6.343726e-01 -8.459365e-01
2.248548e-01 -5.257856e-01 9.675112e-01
6.187027e-01 1.437590e-01 -2.453961e-01
7.777048e-03 -6.865547e-01 -6.262431e-01
1.830084e-01 5.692150e-01 -2.357868e-01
1.961886e-01 2.052829e-01 -8.921699e-01
-1.261051e-01 -4.162735e-01 9.822684e-01
3.170476e-01 -6.585128e-01 5.904247e-01
-2.512158e-01 -6.824048e-01 6.827674e-01
-5.399830e-01 -3.120190e-01 -2.418654e-01
-5.666593e-01 -2.884873e-01 -9.388073e-02
-9.847851e-02 -6.471875e-01 -2.372496e-01
-1.448015e-01 -2.287239e-01 9.895582e-01
7.140148e-01 6.878861e-02 2.928928e-01
7.290714e-01 -7.555701e-02 3.822320e-01
6.714664e-01 -1.006231e-02 6.651357e-02
-7.276256e-01 -1.019309e-01 6.015237e-01
-1.869646e-01 1.669970e-01 -9.024607e-01
-1.249522e-01 5.656274e-01 -9.192601e-01
1.513124e-01 -6.436436e-01 -1.153207e-01
-3.594596e-02 -7.118924e-01 2.705197e-01
1.689916e-01 -7.090495e-01 4.442814e-01
-1.718401e-01 5.683120e-01 -8.691664e-01
-6.905026e-01 -2.386735e-01 6.261677e-01
3.865449e-01 4.625922e-01 -4.974273e-01
6.553486e-01 -2.267611e-01 -6.979263e-01
1.030228e-01 -4.741195e-01 -9.079348e-01
7.315127e-01 -1.443836e-03 5.799586e-01
7.168407e-01 5.064963e-02 7.400243e-01
6.233126e-01 3.732725e-01 6.640258e-01
6.486333e-01 -2.937447e-02 -4.883972e-01
4.255641e-01 1.220779e-01 9.707411e-01
-5.118121e-01 5.682463e-01 7.296580e-01
6.797858e-01 2.415838e-01 4.342169e-01
-3.253231e-01 -3.735889e-01 9.629719e-01
-8.326372e-02 4.541536e-01 -9.993185e-01
1.641536e-01 -1.739231e-01 -8.233881e-01
2.109286e-02 7.248874e-01 4.071535e-01
-5.943313e-01 1.081351e-01 -7.354095e-01
2.318859e-01 5.507825e-01 -9.153243e-01
7.813168e-02 6.526907e-01 1.047772e-01
6.940757e-01 -1.913628e-01 8.608932e-01
-1.346732e-01 5.626944e-01 -6.681368e-01
1.390366e-01 -1.674029e-01 9.972009e-01
4.048558e-01 -5.756675e-01 2.137668e-01
-3.511647e-01 6.194596e-01 3.755482e-01
-5.759742e-01 -1.967324e-01 -3.883632e-01
-7.032761e-01 -4.654351e-02 2.596471e-01
6.483631e-01 -3.139832e-01 8.364026e-01
1.966849e-02 -9.843397e-02 9.926859e-01
6.945722e-01 -1.053375e-01 9.289448e-01
9.757429e-02 -3.273822e-01 -8.533528e-01
-1.517646e-01 -7.235779e-01 4.926104e-01
-5.707728e-01 2.011092e-01 -8.007375e-01
4.768626e-01 -4.785420e-01 -5.309748e-01
1.224878e-01 -6.748692e-01 1.353730e-01
-7.276476e-01 -7.860265e-02 4.207497e-01
-4.174273e-01 -4.812267e-01 -2.290522e-01
-5.929074e-01 -2.644152e-01 4.414020e-03
-4.152343e-01 4.433686e-01 -1.215256e-01
-5.913910e-01 -4.282755e-01 7.989460e-01
6.966751e-01 -4.500937e-02 2.003984e-01
3.166411e-01 -5.791871e-01 -2.608324e-01
7.324863e-01 2.953243e-02 4.524279e-01
6.391164e-02 6.092832e-01 -9.847146e-02
-1.607399e-02 -3.979554e-01 -8.790289e-01
-1.312596e-01 -6.446367e-01 -4.407010e-01
6.094316e-01 1.679671e-01 -3.111792e-01
-5.447511e-01 -3.787781e-01 6.373908e-02
5.832299e-01 -4.464598e-01 5.482779e-01
-5.582037e-01 1.865121e-01 -6.594110e-01
-3.858197e-01 4.138591e-01 9.085408e-01
6.651819e-01 -2.807496e-01 3.200073e-01
4.575100e-01 -5.666423e-01 3.453572e-01
-5.972253e-01 1.200248e-01 -8.793817e-01
-1.153212e-01 6.045223e-01 8.941389e-01
6.305026e-01 -2.007032e-01 -5.157649e-01
-7.132700e-02 7.247973e-01 5.265352e-01
4.982037e-01 5.053231e-01 2.786151e-01
7.136765e-01 1.359980e-01 3.450529e-01
-4.208178e-01 -3.909602e-01 -9.597176e-01
2.244931e-01 -6.240160e-01 -3.646781e-01
-5.969307e-01 -6.107265e-02 -5.680784e-01
3.596860e-02 7.274139e-01 6.081319e-01
5.130120e-01 -5.188365e-01 6.563587e-01
4.557697e-01 5.688329e-01 6.170354e-01
-3.296191e-01 -5.638457e-01 -1.011199e-01
-1.060747e-01 6.090568e-01 -5.208592e-02
-5.610515e-01 -4.634708e-01 7.258245e-01
6.408567e-01 -1.046608e-01 -1.603692e-01
-5.425338e-04 5.775855e-01 -4.230936e-01
1.852917e-01 5.608908e-01 -6.234173e-01
5.125350e-01 -4.115370e-01 -1.936639e-01
-5.515565e-01 1.986501e-01 -3.432883e-01
4.084508e-01 5.134891e-01 7.112961e-02
-2.515541e-01 -3.914348e-02 9.772496e-01
5.988974e-01 -5.053669e-02 -9.459973e-01
-3.269733e-01 -5.877838e-01 -6.760594e-01
1.343795e-01 -7.196738e-01 5.736522e-01
-4.664159e-01 5.187246e-01 2.496848e-01
3.276743e-01 3.297529e-01 9.531094e-01
6.830887e-01 1.342388e-02 1.343641e-01
1.504761e-01 -7.009492e-01 8.828623e-01
3.084118e-01 5.358915e-01 9.088694e-01
4.494171e-01 3.501253e-01 9.350006e-01
-3.212997e-01 -1.991464e-01 9.727078e-01
-7.143775e-01 -1.630262e-01 5.227017e-01
-4.038165e-01 4.062334e-01 -5.821759e-01
-6.624461e-01 2.876524e-01 6.034392e-01
4.695144e-01 1.770590e-01 9.597444e-01
4.930705e-02 -5.044883e-01 -9.273579e-01
-3.784520e-01 -6.229792e-01 4.308628e-01
6.709699e-01 -3.609590e-04 9.248095e-01
-4.337276e-01 -5.834733e-01 4.244055e-01
6.052501e-01 2.190904e-01 -6.369113e-01
6.541950e-01 3.207959e-01 7.832323e-01
-3.231763e-01 4.896653e-01 9.013776e-01
1.958043e-01 -6.301083e-01 -2.575806e-01
4.247511e-01 -5.041256e-01 -2.194168e-01
-3.809371e-02 -6.606109e-01 -8.411951e-02
7.067129e-02 -7.218644e-01 6.951515e-01
6.725764e-01 3.008056e-01 4.599464e-01
-2.691444e-01 5.060217e-01 -4.302324e-01
-3.517293e-01 6.426749e-01 6.314640e-01
4.094000e-01 -3.733844e-02 -9.014530e-01
5.631544e-01 -1.838951e-01 9.556821e-01
4.775392e-01 -4.717975e-01 4.187173e-03
-7.323500e-01 -6.001241e-02 7.405793e-01
-7.182427e-01 4.295631e-02 3.787781e-01
-7.231715e-01 1.379608e-01 6.440745e-01
1.843196e-01 -6.442083e-01 -2.531337e-05
-3.289400e-01 -6.454497e-01 8.374857e-01
5.631544e-02 -6.649872e-01 -1.074504e-02
4.558598e-01 5.007423e-01 8.952221e-01
-6.942339e-01 1.883848e-01 3.363003e-01
-2.677181e-01 6.588049e-01 3.053012e-01
3.333479e-01 -6.288670e-01 -7.052671e-01
2.007545e-02 5.764342e-01 -5.518851e-01
-3.017890e-01 -6.677157e-01 3.986029e-01
-1.659623e-01 -6.327930e-01 -1.670534e-01
4.046537e-01 -2.478106e-01 9.816623e-01
3.867251e-01 4.713691e-01 -9.153243e-01
-2.607107e-01 -4.382037e-01 9.626433e-01
-2.147718e-02 -8.268614e-02 -7.791700e-01
4.273725e-01 -5.021857e-01 -3.158209e-01
-6.200121e-01 5.820859e-03 -7.838870e-01
-9.755166e-02 -5.847146e-01 9.553803e-01
-3.656785e-01 1.192352e-01 9.545722e-01
-2.971547e-01 -5.907387e-01 -5.915857e-01
3.775928e-01 -1.896030e-01 9.863040e-01
-6.773908e-01 -3.420251e-02 1.622105e-01
-5.858294e-01 -1.297712e-01 9.209005e-01
3.342972e-01 5.338177e-01 -5.410393e-02
6.365851e-01 -1.317340e-01 -4.197907e-01
5.522113e-01 4.819715e-01 6.826165e-01
2.900791e-01 -6.531435e-01 8.909091e-01
-2.357970e-01 6.902543e-01 6.659194e-01
-2.649385e-01 -1.067139e-01 9.784082e-01
-2.421723e-01 -6.188049e-01 -7.693075e-03
5.883631e-01 -4.123938e-01 3.005598e-01
-5.211269e-01 -1.617403e-01 -9.717244e-01
6.218888e-01 -1.916337e-01 -3.629865e-01
1.865803e-01 6.790873e-01 2.694852e-01
-5.560107e-01 -2.486455e-01 9.244566e-01
6.283315e-01 -1.684182e-01 -1.839781e-01
-6.350687e-01 -2.071556e-01 9.010490e-01
-3.425265e-01 -5.822344e-01 8.833175e-02
-4.035463e-02 7.337082e-01 7.669880e-01
7.040453e-01 2.092537e-01 6.248801e-01
4.413460e-01 4.327200e-01 -9.085408e-01
6.566362e-01 1.998905e-02 -3.614482e-02
2.278391e-01 2.814044e-01 -9.327053e-01
4.591603e-02 5.815553e-01 -3.459365e-01
3.560472e-01 -6.289132e-01 3.112547e-01
2.261166e-04 5.844444e-01 -6.808008e-01
4.614214e-01 -5.506486e-01 -7.359644e-01
2.802434e-01 -6.349592e-01 -6.153706e-01
9.284921e-02 5.729828e-01 -5.135451e-01
-1.767234e-01 6.590751e-01 8.666958e-01
-3.848266e-01 4.545600e-01 -8.403870e-01
-3.498308e-01 6.387270e-01 8.570354e-01
-2.045306e-01 4.188001e-01 -9.990410e-01
-3.588731e-01 -6.274455e-01 3.242205e-01
2.545163e-01 -3.062212e-01 -8.703785e-01
-3.351345e-01 2.988657e-01 9.383546e-01
-4.248631e-01 -4.949884e-01 -5.486041e-02
-6.191310e-01 3.824559e-01 4.404479e-01
5.063868e-01 -7.041305e-02 9.689497e-01
1.993083e-01 1.656658e-01 9.798223e-01
-1.689916e-01 7.128392e-01 6.367093e-01
-2.262113e-01 5.769989e-01 -4.129049e-02
-6.944359e-01 2.253849e-01 5.000000e-01
-4.053547e-01 6.110892e-01 6.141609e-01
5.877741e-01 2.265581e-01 -4.855470e-01
-6.124620e-01 -4.061677e-01 5.233321e-01
-5.007813e-01 -4.405038e-01 9.146939e-01
5.962298e-01 -2.731459e-01 -4.040014e-01
1.206567e-01 -2.171050e-01 -8.235389e-01
5.360935e-01 -4.787903e-01 -7.632299e-01
6.284240e-01 3.721212e-01 8.087575e-01
-5.377437e-01 -4.944018e-01 3.711598e-01
4.709383e-01 3.952245e-01 -3.103712e-01
-1.688787e-01 4.508823e-01 9.302081e-01
-3.300937e-01 -4.585080e-01 9.514957e-01
1.640633e-01 5.891810e-01 -8.238408e-01
-3.527905e-01 4.607424e-01 -3.316344e-01
-6.490860e-01 6.021540e-02 6.323451e-02
-3.982548e-01 4.117390e-01 -4.703639e-01
-2.197909e-01 6.816137e-01 3.354436e-01
8.841816e-02 -7.115297e-01 -7.729658e-01
2.129181e-01 -6.779140e-01 7.619179e-01
-2.978995e-01 6.680784e-01 6.179944e-01
-5.111354e-01 5.250188e-01 5.610661e-01
-6.811439e-01 -2.736424e-01 5.694901e-01
6.949568e-01 -2.215947e-01 5.981429e-01
2.045759e-01 3.504856e-01 9.571206e-01
-5.856493e-01 9.071802e-02 -6.291931e-01
9.289448e-02 -6.518340e-01 -1.720728e-01
4.016235e-01 -5.898138e-01 7.210320e-01
4.565145e-01 5.624242e-01 3.610442e-01
-3.361738e-01 3.018888e-01 -9.997980e-01
-2.035585e-01 -6.172472e-01 -3.228064e-01
7.045637e-01 2.068847e-01 5.470415e-01
-1.916218e-01 -4.989363e-01 -9.556821e-01
6.048874e-01 -3.671802e-01 9.372691e-01
-3.334623e-01 4.925301e-01 -2.011552e-01
1.771756e-01 -4.931167e-01 -9.262966e-01
-4.551125e-01 -5.667786e-01 7.657003e-01
-4.745333e-01 -9.656078e-03 -9.859267e-01
6.396349e-01 -8.963514e-02 -3.125910e-01
-3.404697e-02 5.409249e-01 9.179749e-01
-6.620859e-01 -3.101253e-01 8.900256e-01
6.039382e-01 3.962857e-01 4.138615e-01
-6.934428e-01 2.432082e-01 7.038797e-01
4.267859e-01 2.707095e-01 9.517975e-01
5.859876e-02 -7.087331e-01 9.347718e-01
7.059900e-01 1.788188e-01 7.635828e-01
6.230644e-01 1.589877e-01 -1.263683e-01
4.716393e-01 -4.022174e-01 -9.367896e-01
-5.000340e-01 2.947158e-01 -3.756505e-01
3.198978e-01 -4.293148e-01 9.751053e-01
-1.786450e-01 7.142144e-01 7.999294e-01
-1.515385e-01 6.259121e-01 6.071243e-02
-3.055860e-01 5.254691e-01 -1.167331e-01
4.971181e-01 -4.881757e-01 -6.502543e-01
-3.302957e-02 5.740222e-01 -5.809151e-01
-1.531664e-01 5.549105e-01 -3.880346e-01
-2.093686e-01 6.347109e-01 1.502799e-01
9.470317e-02 3.043495e-01 -9.259438e-01
-1.067531e-01 3.506900e-01 9.526299e-01
6.123719e-01 1.563933e-01 -3.754728e-01
-4.285724e-01 3.812827e-02 9.507144e-01
2.906657e-01 9.475721e-03 -8.620299e-01
6.309991e-01 9.459851e-02 -4.448120e-01
-6.633053e-01 3.079591e-01 5.442156e-01
2.315694e-01 -6.860143e-01 3.256322e-01
-2.611391e-01 7.564732e-02 -9.049093e-01
1.460901e-01 3.921115e-01 -9.849410e-01
-3.797395e-01 -3.314884e-01 9.579530e-01
-3.799659e-01 -5.528368e-01 9.214798e-01
-1.653066e-01 -3.638189e-01 9.845369e-01
5.441645e-02 -2.122543e-01 -8.224024e-01
-5.390994e-01 5.057515e-01 8.333260e-01
-2.319085e-01 -6.100499e-01 -4.402701e-01
-2.356614e-01 -7.596300e-02 -8.839478e-01
6.050456e-01 -2.422154e-01 -2.029461e-01
1.507246e-01 -6.435098e-01 9.417354e-01
-5.146379e-01 -2.026659e-01 9.380528e-01
-5.893781e-01 1.476846e-01 -7.812900e-01
6.139759e-01 -2.569040e-01 -5.278471e-01
6.860046e-01 -1.564834e-01 -7.970281e-01
-2.693465e-01 2.367105e-01 -9.638554e-01
-8.186199e-02 6.385225e-01 6.588316e-02
5.976755e-01 -4.031203e-01 7.399732e-01
5.862139e-01 2.358082e-01 -5.517074e-01
-2.812389e-01 -5.817598e-01 -9.176463e-01
2.249906e-01 5.679980e-01 -7.722088e-01
-4.552708e-01 5.666885e-01 4.563393e-01
3.144481e-01 -5.291007e-01 -9.382037e-01
3.810734e-01 5.430230e-01 8.958282e-01
-6.062456e-01 -1.554455e-01 -1.195076e-01
-2.380803e-01 -6.731094e-01 2.739491e-01
-5.715419e-01 3.248558e-01 8.806426e-01
6.635779e-01 4.518973e-02 3.458099e-02
5.629281e-01 2.833905e-01 -2.010291e-01
-2.756310e-01 6.856517e-01 8.410174e-01
5.341487e-01 -3.479372e-01 -9.290227e-01
-6.879250e-01 -2.536546e-01 8.185445e-01
4.973591e-03 9.597469e-02 -8.328197e-01
-6.476841e-01 2.467275e-01 8.710332e-01
5.956188e-01 2.836145e-01 -8.386224e-01
6.581064e-01 2.820251e-03 -9.029670e-01
-2.553973e-01 6.870756e-01 7.219398e-01
-7.194645e-01 -3.864719e-02 3.322648e-01
-5.071559e-01 1.238603e-01 9.285919e-01
-4.128149e-01 -6.047706e-01 5.727687e-01
-4.143751e-01 5.461580e-01 8.651576e-01
-5.761324e-01 -4.503176e-01 3.814506e-01
7.176999e-01 9.227479e-02 8.934574e-01
5.765389e-01 8.099428e-02 -9.576244e-01
6.299598e-01 -3.367239e-01 2.791457e-01
-3.605915e-01 -5.333430e-01 -4.763661e-01
-6.473896e-01 -1.305608e-01 8.245467e-02
-7.196665e-01 1.338097e-01 5.270391e-01
3.482707e-01 -1.091503e-01 -8.747158e-01
1.556305e-01 -6.463283e-01 -3.897748e-01
-2.923841e-01 -1.903702e-01 -9.043032e-01
2.334231e-01 -6.579700e-01 1.889724e-01
-5.761080e-01 -2.361692e-01 -1.869546e-01
6.731629e-01 2.911281e-01 7.107655e-01
-3.174102e-02 7.151174e-01 3.623561e-01
2.453158e-01 -6.748692e-01 8.534794e-01
5.676767e-02 -9.935889e-02 -7.720068e-01
9.033978e-02 -1.110016e-02 -7.858293e-01
6.443617e-01 -1.525579e-01 -5.469660e-01
-8.783035e-02 3.930145e-01 -9.939978e-01
3.450140e-01 6.451113e-01 7.495339e-01
-4.724303e-01 3.637288e-01 -8.084799e-01
3.961519e-01 -5.363661e-01 -7.539223e-02
6.429135e-01 -6.292272e-02 -3.728757e-01
-5.938323e-01 -1.684858e-01 -6.442521e-01
-5.639236e-01 1.174755e-01 -9.426433e-01
-5.789582e-01 9.809541e-02 -4.509918e-01
-4.464987e-02 -1.855646e-01 -8.212924e-01
7.928465e-02 -5.583181e-01 -9.448631e-01
4.288207e-01 4.690446e-01 -8.042936e-01
5.081051e-01 1.723889e-01 -9.681173e-01
1.927295e-01 6.863064e-01 3.885895e-01
1.749147e-01 5.619739e-01 -9.251113e-01
6.488256e-03 -6.635439e-01 -4.501594e-01
-9.065644e-02 -2.372747e-01 -8.414969e-01
-5.773981e-01 1.048638e-01 -5.573567e-01
-5.093027e-01 -5.035633e-01 2.945820e-01
-1.486674e-01 3.247219e-01 -9.668322e-01
2.059323e-01 -6.115614e-01 9.471315e-01
7.756651e-02 5.773591e-01 -6.077546e-01
-9.449969e-02 -3.566460e-01 -8.789533e-01
-1.893384e-01 3.312644e-01 9.500329e-01
6.697505e-01 -4.688183e-02 -6.445540e-01
-6.743848e-01 1.148351e-02 8.866204e-01
5.133503e-01 -4.312328e-01 -5.139978e-01
6.385737e-01 4.004576e-02 -2.598758e-01
7.097870e-01 -3.851162e-02 2.572277e-01
5.917074e-01 3.783035e-01 2.449434e-01
6.175027e-01 2.433886e-01 9.165365e-01
5.102519e-02 -6.671072e-01 -4.978800e-01
1.639954e-01 -2.575344e-01 -8.414726e-01
-1.405739e-01 -9.466618e-02 -8.382938e-01
5.911428e-01 4.073628e-01 3.096653e-01
-5.630181e-01 -2.583011e-01 -2.468103e-01
-4.434927e-01 5.607326e-01 3.759012e-01
-4.749860e-01 3.233443e-01 -5.193720e-01
7.103298e-02 -3.183376e-02 9.904904e-01
-2.469660e-01 -6.042302e-01 -1.467236e-01
3.147207e-01 6.602263e-01 6.700791e-01
3.628745e-01 5.080759e-01 -1.057863e-01
3.761908e-02 2.472240e-01 -8.952221e-01
-5.858294e-01 -1.522419e-01 -5.046927e-01
-8.229159e-02 -7.188852e-01 7.920603e-01
-5.003724e-01 5.312912e-01 6.854667e-01
2.767628e-01 2.808860e-01 9.639308e-01
-3.355872e-01 4.304637e-01 -9.637532e-01
4.582548e-02 1.784128e-01 -8.176609e-01
-4.056030e-01 -4.970865e-01 -1.649850e-01
4.193939e-01 3.402872e-01 -9.745235e-01
5.126494e-01 -4.122356e-01 -3.188219e-01
5.994402e-01 4.575392e-02 9.443568e-01
-6.093635e-01 6.193014e-02 -1.476819e-01
2.596933e-01 4.576293e-01 -9.812583e-01
-4.362346e-01 -5.898138e-01 6.283364e-01
-1.673638e-01 -5.956578e-01 -9.402214e-01
2.025630e-02 6.210612e-01 -5.042132e-02
-6.983035e-01 3.102154e-02 2.419411e-01
7.298625e-01 -2.910381e-02 6.415017e-01
-5.992820e-01 4.250042e-01 7.705707e-01
1.996249e-01 5.325301e-01 9.187805e-01
1.403704e-01 -1.093083e-01 9.957381e-01
-2.772812e-01 5.664184e-01 1.992698e-03
-5.935840e-01 -8.270877e-02 -4.436777e-01
-7.333211e-01 -4.699477e-02 8.229086e-01
5.828234e-01 3.030619e-01 1.858951e-02
6.228843e-01 1.996427e-01 -8.844785e-01
5.808105e-01 -3.625776e-01 1.261414e-01
-2.623147e-01 -3.791165e-01 9.686722e-01
-3.114421e-01 -6.559182e-01 6.633200e-01
-2.299868e-01 -4.873628e-01 9.614847e-01
3.573810e-01 -5.904004e-01 -5.974613e-01
6.026725e-01 2.536984e-01 -4.565413e-03
2.892637e-01 4.835292e-01 9.252890e-01
-3.272216e-01 1.757958e-01 -9.677400e-01
6.526591e-01 -6.702884e-02 -5.363466e-01
-4.060314e-01 4.252306e-01 -2.565194e-01
2.755410e-01 5.341998e-01 -2.591944e-01
-3.952708e-01 -2.690179e-01 -9.708921e-01
-3.335962e-01 -5.677498e-01 -3.778435e-02
-6.024924e-01 -5.385323e-02 -6.276305e-01
-3.609298e-01 4.424680e-01 -5.645223e-01
5.741876e-01 -3.454545e-01 1.538615e-02
-4.727930e-01 1.110004e-01 -9.910210e-01
-4.346988e-01 -4.639016e-01 -4.624924e-01
4.933187e-01 5.398174e-01 5.723646e-01
4.698308e-01 4.321334e-01 -8.583960e-01
2.368144e-01 5.501059e-01 -6.597882e-01
5.199294e-01 3.855470e-01 -7.977096e-01
-4.958525e-01 -4.427382e-01 -8.520920e-01
-3.205306e-01 4.857393e-01 -7.205768e-01
-6.554606e-01 -3.256468e-01 7.465060e-01
-3.905683e-01 1.513394e-01 -9.912474e-01
4.043592e-01 -5.331849e-01 -4.286187e-01
-3.202580e-01 -6.602044e-01 5.388195e-01
-5.914811e-01 3.786199e-01 2.662553e-01
3.310429e-01 7.129293e-02 9.811074e-01
-8.310551e-02 5.668005e-01 -5.474967e-01
6.676694e-01 -1.233414e-01 1.065177e-01
5.927930e-01 2.096373e-01 -4.132822e-01
-6.138396e-01 6.242643e-02 -8.637702e-01
-2.360908e-01 6.054715e-01 8.790556e-01
7.319192e-01 -5.640258e-02 5.165218e-01
7.349495e-01 1.283729e-02 5.243665e-01
4.417306e-01 4.682780e-01 -4.136546e-03
1.372958e-01 7.203967e-01 7.685505e-01
5.864622e-01 4.111987e-01 6.940927e-01
-2.466496e-01 -6.876159e-01 3.685116e-01
-5.452038e-01 2.003872e-01 -5.539516e-01
6.634197e-01 -3.138931e-01 4.682950e-01
5.726056e-01 4.583497e-01 4.925593e-01
3.794913e-01 5.202361e-01 6.280638e-03
5.963417e-01 -3.782573e-01 -8.465668e-01
-5.253328e-01 2.371391e-01 -9.340173e-01
-5.436680e-01 3.506438e-01 6.525252e-02
1.488935e-01 2.464111e-01 -9.018815e-01
-6.797858e-01 -6.159158e-02 8.870245e-01
1.831892e-01 6.200000e-01 6.560569e-02
-6.575855e-01 -2.125703e-01 2.001210e-01
-3.157138e-01 5.749227e-01 1.025576e-01
-5.769454e-02 1.964391e-01 -8.811732e-01
6.782037e-01 2.277313e-01 2.881757e-01
1.238442e-01 -7.155458e-01 3.449264e-01
-5.893343e-01 5.641402e-01 7.237800e-01
1.627292e-01 -6.770573e-02 -8.151393e-01
5.523476e-01 -3.554046e-01 -2.171973e-01
5.139150e-01 5.207545e-01 8.251770e-01
5.777364e-01 -3.275648e-01 -4.025630e-02
-1.745308e-02 3.489741e-01 -9.551271e-01
1.244094e-01 -1.236797e-01 -8.101448e-01
5.265985e-01 -2.274830e-01 -9.469052e-01
4.769527e-01 3.582694e-02 9.685968e-01
-2.075828e-01 -2.660168e-01 -8.796349e-01
-5.694171e-01 -3.127419e-01 -8.602896e-01
4.162054e-02 -7.197882e-01 8.207643e-01
-7.333893e-02 -4.523037e-01 9.795180e-01
-7.989509e-02 6.022660e-01 -1.059628e-01
3.772739e-01 -5.435633e-01 -2.172476e-01
4.980455e-01 4.331508e-01 6.971693e-02
-5.934721e-01 -1.053375e-01 -3.671997e-01
7.096969e-01 1.792927e-01 6.809517e-01
5.900572e-02 5.671632e-01 -9.441816e-01
-5.599221e-01 4.456930e-01 3.292637e-01
7.116173e-01 -1.490834e-01 4.523792e-01
-2.471461e-01 1.042999e-01 9.689497e-01
-5.643763e-01 1.748933e-01 -2.934721e-01
-8.003164e-03 -7.228794e-01 7.861823e-01
2.042368e-01 -3.763174e-01 -8.824850e-01
-3.104247e-01 6.677619e-01 8.001047e-01
2.640574e-02 -2.929561e-01 -8.394791e-01
4.931630e-01 5.331410e-01 7.144724e-01
-2.964318e-01 5.147523e-01 -8.311306e-01
2.441840e-01 -6.915857e-01 5.074407e-01
4.647657e-01 -4.721358e-01 -4.034952e-01
-5.984228e-01 -6.048606e-02 -3.322648e-01
5.620689e-01 -4.229743e-01 -8.560253e-01
-4.968918e-01 3.037167e-01 -6.583522e-01
-3.524522e-02 2.897967e-01 9.642083e-01
-7.056054e-01 -1.463536e-01 3.931289e-01
-3.941852e-01 -5.413752e-01 -8.696459e-01
4.174492e-01 -6.899160e-02 9.826457e-01
5.000803e-01 -5.057296e-01 9.351515e-01
-5.061385e-01 -9.168821e-02 9.410539e-01
5.381064e-01 1.418866e-01 9.505878e-01
4.580747e-01 4.067981e-01 -5.484532e-01
-5.724474e-01 3.804697e-01 8.674017e-01
-3.568602e-01 6.345065e-01 5.099136e-01
3.030084e-01 5.131508e-01 -5.453766e-01
4.697189e-01 4.059851e-01 -6.438992e-01
1.347864e-01 -3.989023e-01 -8.796349e-01
-5.282487e-01 -3.246976e-01 -4.246586e-01
4.863576e-01 -3.304977e-01 9.618133e-01
-1.199331e-01 -7.157502e-01 6.830960e-01
-2.475526e-02 -7.083485e-01 -7.488280e-01
1.535733e-01 5.647925e-01 -4.205963e-01
5.497262e-01 -3.706998e-01 -4.495777e-01
2.628137e-01 -6.539783e-01 -8.633418e-01
-3.168212e-01 -6.484508e-01 9.116928e-01
-5.658440e-01 -2.341385e-01 -4.983352e-01
4.314421e-01 -5.758476e-01 8.283314e-01
-4.115711e-01 6.050432e-01 5.588463e-01
3.368529e-02 7.351296e-01 8.415991e-01
4.723622e-01 5.578435e-01 8.203358e-01
-5.459729e-01 2.323337e-01 -2.486260e-01
-5.568480e-01 -4.777534e-01 4.853450e-01
-2.130989e-01 4.981477e-02 -8.779944e-01
-3.351564e-01 -5.465863e-01 -3.579676e-01
-6.624705e-01 2.894584e-01 3.908604e-01
-4.421370e-01 -4.510186e-01 -3.601874e-01
4.318121e-03 -6.815455e-01 -8.905050e-01
-1.082677e-01 5.826628e-01 -2.179034e-01
6.313156e-01 -1.456992e-01 -2.639114e-01
-3.706073e-01 -6.301083e-01 4.857734e-01
-6.085968e-01 -3.415066e-01 2.208546e-01
1.358036e-01 -6.683266e-01 -5.703225e-01
-7.180844e-01 1.261163e-01 4.097018e-01
-2.460825e-01 -6.334696e-01 -6.707095e-01
-7.042935e-01 -2.016957e-01 4.696556e-01
-6.653401e-01 -2.635585e-01 2.959937e-01
-3.989777e-01 -5.123159e-01 -5.886090e-01
-4.920774e-01 -4.014969e-01 -1.774706e-01
6.429597e-02 -7.278642e-01 5.894925e-01
2.232498e-01 6.935938e-01 4.989144e-01
5.648509e-01 -4.634490e-01 6.219301e-01
-3.958817e-01 -2.170147e-01 9.613338e-01
2.492929e-01 -6.115176e-01 -2.027947e-01
3.844639e-01 -6.115395e-01 -7.936498e-01
4.513837e-01 -5.829767e-01 4.944262e-01
-3.454448e-02 7.245247e-01 4.377486e-01
4.933187e-01 -5.378994e-01 4.565900e-01
7.232834e-01 5.639528e-04 8.777680e-01
5.934939e-01 -2.909918e-01 -4.699087e-01
-5.501545e-01 4.741195e-01 4.268030e-01
-6.337349e-01 4.092564e-02 -1.389802e-02
-6.064719e-01 5.225143e-02 -7.365948e-01
6.726421e-01 -1.754799e-01 -8.484094e-01
1.217418e-01 5.775173e-01 -2.967263e-01
-4.509529e-01 4.314348e-01 -3.379920e-02
-9.825240e-02 -1.631841e-01 9.913983e-01
-2.454497e-01 3.815529e-01 -9.996714e-01
1.084033e-01 -6.495314e-01 -3.233881e-01
5.360715e-01 -4.349544e-01 -6.268224e-01
3.684362e-01 4.828745e-01 -2.636071e-01
4.436291e-01 5.812851e-01 4.750030e-01
2.161059e-01 5.507144e-01 -3.423050e-01
4.943142e-01 5.386223e-01 4.747012e-01
-3.329415e-01 -6.013411e-01 -7.614628e-01
-7.356505e-01 3.499209e-02 8.284580e-01
5.926567e-01 2.469977e-01 -9.837069e-02
-2.963174e-01 -3.544335e-01 -9.436777e-01
4.444882e-01 2.067947e-01 -9.723305e-01
-6.054083e-01 -2.135405e-01 -7.878982e-01
-6.194256e-01 6.817938e-02 -7.561932e-02
-6.753559e-01 9.762176e-02 1.831710e-01
6.480005e-01 -4.115127e-02 -1.486153e-01
2.858732e-01 -6.144286e-01 5.380114e-02
-2.786832e-01 4.850626e-02 9.697578e-01
-2.532043e-02 -6.812097e-01 1.015487e-01
4.461604e-01 -5.560180e-01 2.593209e-01
7.743094e-02 6.376439e-01 4.487209e-02
1.250877e-01 2.028916e-01 -8.783741e-01
-9.194499e-02 -6.522624e-01 -4.031690e-01
-2.964537e-01 6.671535e-01 5.527930e-01
3.512985e-01 1.312377e-01 -9.082877e-01
-5.795010e-01 4.648485e-01 7.385104e-01
1.650804e-01 5.714494e-01 -6.792114e-01
6.464403e-01 1.936188e-01 1.064167e-01
1.204990e-02 -4.407302e-01 9.860265e-01
-4.918730e-01 -1.606353e-02 9.417841e-01
-1.370924e-01 -6.573835e-01 3.155434e-02
6.152878e-01 -2.213238e-01 -4.085408e-01
-4.414580e-01 -7.751977e-02 -9.822928e-01
6.445418e-02 3.984277e-01 9.507898e-01
-1.090137e-01 -7.141706e-01 8.395546e-01
3.564537e-01 -2.228130e-01 -8.837215e-01
1.752075e-02 -6.560521e-01 -2.088736e-01
1.189169e-02 7.288572e-01 5.272654e-01
8.832786e-02 -2.799148e-01 9.975538e-01
1.819457e-01 4.834611e-01 -9.858488e-01
-1.257208e-01 -6.840063e-01 -7.146744e-01
1.528271e-02 7.774541e-02 -7.770768e-01
5.421297e-02 6.264744e-01 8.934063e-01
-1.539350e-01 -1.665457e-01 -8.437166e-01
1.548392e-01 5.583862e-02 9.879688e-01
4.293854e-01 -5.807448e-01 -7.842400e-01
-2.019535e-01 5.476694e-01 -7.362419e-01
-5.974053e-01 -3.109140e-01 1.236948e-01
-1.873715e-01 2.606693e-01 9.593136e-01
3.438165e-01 -6.249190e-01 2.582865e-01
-2.292408e-01 6.633394e-01 2.669879e-01
-6.881295e-01 2.686333e-01 8.135500e-01
-2.747280e-01 -4.596811e-01 -9.625678e-01
-2.311851e-01 -6.773275e-01 9.265741e-01
3.629865e-01 5.131070e-01 -8.438676e-01
-6.142485e-02 7.290592e-01 6.181964e-01
-8.145503e-02 -5.690812e-01 -9.486965e-01
-3.485408e-01 4.609005e-01 -6.764366e-01
-1.410938e-01 2.724693e-01 -9.354022e-01
-7.187635e-01 1.674256e-01 8.518388e-01
3.693854e-01 3.601874e-01 -9.816867e-01
6.410150e-01 5.101059e-02 -1.743933e-01
4.096726e-01 -1.315083e-01 9.837069e-01
-1.984267e-01 -6.463965e-01 -6.370890e-01
6.635317e-01 -2.429826e-01 -7.631277e-01
-7.346793e-01 3.000608e-03 6.328003e-01
3.234246e-01 -6.583084e-01 5.365997e-01
3.243739e-01 -6.496458e-01 6.644298e-01
-6.094998e-02 -1.277858e-01 -8.140805e-01
-4.562200e-01 -4.151004e-01 9.318462e-01
-7.279543e-03 -2.062758e-01 9.949056e-01
6.491322e-01 9.207155e-02 -8.950955e-01
4.469977e-01 -5.419837e-01 2.071079e-01
-4.795059e-01 -4.178751e-01 -5.636631e-01
7.238043e-01 -2.768236e-02 8.062359e-01
-3.330997e-01 6.812997e-01 7.289765e-01
-3.688645e-01 -3.193282e-01 -9.674358e-01
3.905002e-01 4.519654e-01 9.216819e-01
-4.087453e-02 -3.418011e-02 -7.957673e-01
2.138676e-01 5.885043e-01 -4.628453e-02
4.891371e-01 -3.215164e-01 -9.429208e-01
-5.982427e-01 5.263721e-01 6.847608e-01
6.964951e-01 -1.892421e-01 8.035098e-01
4.795059e-02 1.685311e-02 9.865547e-01
8.276622e-02 7.204868e-01 4.022855e-01
-4.570110e-01 3.482755e-01 -4.696069e-01
-7.817695e-02 -6.632956e-01 -2.320555e-03
3.717804e-01 1.247852e-01 9.735402e-01
-2.657077e-01 6.271510e-01 1.867022e-01
1.238669e-01 -6.983546e-01 -7.136911e-01
-2.135738e-01 -6.273555e-01 -5.509748e-01
-1.219226e-01 6.658002e-01 1.808504e-01
-5.192065e-01 -4.220494e-01 8.293392e-02
4.301083e-01 4.470926e-01 -1.723252e-01
5.282925e-01 3.290081e-01 -5.632859e-01
-3.260241e-01 -5.541219e-01 -3.027552e-01
8.697140e-02 5.906024e-01 -8.948935e-01
2.602142e-01 3.993307e-01 9.460971e-01
3.712158e-02 -6.955117e-01 -6.703833e-01
1.634076e-01 5.617257e-01 -4.733382e-01
4.610807e-01 -5.427285e-01 9.315200e-01
-3.524985e-01 5.311086e-01 8.838968e-01
6.198539e-01 -1.936867e-01 -2.968261e-01
6.376926e-01 4.665620e-01 6.496507e-01
-7.238943e-02 7.334136e-01 8.281027e-01
2.783230e-01 5.077352e-01 -9.462992e-01
1.458189e-01 7.144870e-01 5.484800e-01
-7.299987e-01 7.379725e-02 6.268735e-01
-2.236794e-01 -6.997079e-01 5.832372e-01
7.159596e-01 -1.144072e-01 7.279177e-01
5.276841e-01 3.508921e-01 -6.782013e-01
5.733285e-01 3.644955e-01 9.048314e-01
5.187757e-01 3.363855e-01 -4.769721e-01
-5.557843e-01 -4.802580e-01 5.997834e-01
2.353448e-01 -6.289132e-01 -4.652939e-01
-1.587051e-01 -1.089023e-01 9.866813e-01
6.524766e-01 -1.382541e-01 9.315443e-01
5.792965e-01 3.120190e-01 -7.934720e-01
-4.406669e-01 6.269709e-01 6.939150e-01
6.417159e-01 1.949049e-01 -8.302981e-01
-2.116522e-01 -6.440063e-01 8.812997e-02
-6.196738e-01 2.992260e-01 8.697213e-01
7.403992e-02 5.774492e-01 9.098259e-01
-4.222417e-01 4.916733e-01 7.213849e-02
-7.027796e-01 -2.124573e-01 7.708726e-01
-4.639309e-01 2.251143e-01 -9.838068e-01
1.775373e-01 6.667470e-01 8.742874e-01
6.956797e-01 -2.324013e-01 3.933309e-01
6.786564e-01 3.948181e-02 -7.423195e-01
-6.088889e-01 -4.112206e-01 4.581039e-01
-4.284581e-01 4.051966e-01 -7.716782e-01
-4.532822e-02 -7.252915e-01 6.983814e-01
-1.906270e-01 5.587927e-01 -2.279170e-01
1.164741e-01 2.390795e-01 9.730875e-01
3.278106e-01 6.383205e-01 3.231082e-01
2.771912e-01 2.041324e-01 9.732384e-01
3.574029e-01 -5.556334e-01 -2.976342e-01
-6.064038e-01 4.051065e-01 5.099891e-01
-3.896872e-01 4.534769e-01 -1.818596e-01
3.099720e-01 -6.236096e-01 1.706856e-01
1.360976e-01 3.481611e-01 -9.561859e-01
5.915273e-01 -3.706998e-01 -6.807253e-01
5.270512e-01 4.550566e-01 2.237047e-01
6.673311e-01 -1.023595e-01 -6.468760e-01
1.330230e-01 5.430668e-01 9.187051e-01
-6.915200e-01 2.506754e-01 6.278812e-01
-2.272513e-01 5.294414e-01 -3.708823e-01
-2.533845e-01 4.132725e-01 9.290227e-01
-2.699355e-02 6.373056e-01 2.948594e-02
-4.844809e-01 4.410247e-01 8.921455e-02
-5.118364e-02 -6.620324e-01 -9.092466e-01
6.902324e-01 -2.143524e-01 6.681368e-01
-1.622546e-01 6.812316e-01 2.610344e-01
-1.163838e-01 -7.251795e-01 4.222612e-01
-3.046367e-01 6.512255e-01 3.848558e-01
6.386637e-01 3.352124e-01 9.049580e-01
-2.459705e-02 6.010271e-01 -1.580740e-01
4.537349e-01 4.233127e-01 9.177729e-01
-5.561007e-01 3.624875e-01 1.261414e-01
-5.156553e-01 4.483096e-01 1.991625e-01
-4.980212e-01 5.411269e-01 8.556481e-01
-3.269514e-01 -6.482025e-01 7.679712e-01
-4.876232e-01 5.482341e-01 6.238213e-01
-1.113423e-01 6.862626e-01 2.439090e-01
3.604089e-01 -6.219617e-01 8.069660e-01
-6.680078e-01 -3.035366e-01 4.979579e-01
9.664743e-02 1.173852e-01 -8.435146e-01
2.577948e-01 -4.418571e-01 -9.207497e-01
6.047755e-01 1.919043e-01 -5.280735e-01
6.638262e-01 -2.602410e-01 2.715541e-01
-6.411269e-01 -5.067202e-02 1.152708e-02
-6.419423e-01 -3.544335e-01 5.774857e-01
6.461239e-01 -2.835244e-01 -8.307022e-01
-1.675210e-02 -5.000876e-01 -9.286674e-01
4.675234e-02 -7.137422e-01 -8.049751e-01
-3.446757e-01 5.085944e-01 -8.212681e-02
-5.234781e-01 -5.056614e-01 8.543873e-01
-5.763125e-01 -2.076970e-01 -5.642448e-01
2.008682e-01 -2.929999e-01 -8.533260e-01
6.147231e-01 4.023099e-01 5.849775e-01
-1.742592e-01 -6.342144e-01 -4.687988e-01
1.607399e-01 5.304782e-01 -9.645101e-01
9.226141e-02 2.048093e-01 -8.197809e-01
6.682341e-01 -6.008007e-02 9.276840e-01
9.465790e-02 4.564999e-01 9.393891e-01
6.515273e-01 2.651819e-01 2.368210e-01
-5.618206e-01 1.556712e-01 -5.324619e-01
5.620251e-01 -4.535232e-01 3.193014e-01
-4.921212e-01 3.267299e-01 -7.461287e-01
4.182402e-01 -5.535353e-01 1.635979e-01
-6.016113e-01 -5.432713e-02 -2.804576e-01
4.963709e-01 -5.395253e-01 5.877011e-01
5.702081e-01 -3.679031e-01 -8.969380e-01
-8.724254e-02 2.851722e-01 9.624924e-01
5.866448e-01 5.138956e-01 5.416941e-01
6.235390e-01 -2.950542e-01 1.566109e-01
-4.297481e-01 6.898503e-01 7.220908e-01
-1.001290e-01 -2.760788e-01 9.897602e-01
6.676914e-01 1.214236e-01 -8.169307e-01
-4.291834e-01 -5.796617e-01 9.114421e-01
4.225118e-01 4.351588e-01 -4.714981e-01
6.736157e-01 -2.821029e-01 3.714373e-01
2.200394e-01 6.926688e-01 6.928562e-01
-7.091104e-01 -1.941378e-01 6.516174e-01
4.001314e-01 -3.190361e-01 -9.258951e-01
6.330802e-01 3.122234e-01 2.505927e-01
3.811853e-01 -6.095095e-01 8.530486e-01
6.365388e-01 5.184520e-02 -3.268176e-01
5.151588e-01 -4.201095e-01 -5.657563e-02
-2.182310e-01 -6.155336e-01 -9.156528e-01
-1.226009e-01 7.014239e-01 3.830157e-01
1.077252e-01 -6.812316e-01 -6.154728e-01
-5.912571e-01 -1.565060e-01 -2.796495e-01
6.460338e-01 5.414652e-02 -1.058114e-01
5.201314e-01 -4.342996e-01 7.493830e-02
6.938956e-01 -6.068930e-02 -7.955409e-01
-5.306438e-01 4.748424e-01 3.764561e-01
-1.719985e-01 -6.293854e-01 -2.237047e-01
4.037946e-01 -3.966922e-01 -9.416088e-01
-5.032226e-01 2.819910e-01 -4.885992e-01
2.338527e-01 -6.079981e-01 -9.215553e-01
6.397274e-01 3.855689e-02 -4.145698e-01
-1.448921e-01 5.767287e-01 -8.222027e-01
-5.653256e-01 -4.200876e-02 9.256930e-01
1.944929e-01 3.741974e-01 -9.811829e-01
6.069685e-01 -3.862237e-01 6.705586e-01
-2.559620e-01 -1.793830e-01 9.801241e-01
3.345235e-01 -5.707046e-01 -1.450588e-01
4.082926e-02 7.851235e-02 9.831496e-01
6.055202e-01 -2.408166e-01 -3.223025e-01
2.324963e-01 6.928270e-01 5.900986e-01
6.549641e-01 -2.825313e-01 9.317707e-01
4.070269e-01 6.085384e-01 8.389242e-01
-3.407423e-01 3.624875e-01 9.268030e-01
6.319727e-01 8.916125e-02 -2.388388e-01
2.489546e-01 -5.554752e-01 -9.389850e-01
2.309590e-01 -1.833988e-01 -8.421273e-01
2.919313e-01 -4.056468e-01 -9.027138e-01
-1.266930e-01 4.874991e-01 9.256930e-01
5.162882e-01 -2.654302e-01 9.617865e-01
-6.717391e-01 -1.630262e-01 2.010038e-01
6.429816e-01 5.464281e-02 -5.196227e-01
5.491153e-01 4.835292e-01 8.200316e-01
3.028502e-01 2.119837e-01 -9.217573e-01
-7.973689e-02 -7.150274e-01 3.015188e-01
-5.289716e-01 -4.439796e-01 1.860718e-01
-6.201485e-01 3.927662e-01 6.158257e-01
2.255784e-01 -6.474796e-01 -5.774613e-01
-3.028502e-01 4.881076e-01 -9.231203e-01
-4.225581e-01 2.699209e-01 9.283924e-01
6.938274e-01 2.080579e-01 8.765827e-01
-4.475161e-01 -2.678447e-01 -9.734891e-01
2.457442e-01 -6.144043e-01 -3.077741e-01
2.228203e-01 6.294974e-01 1.339606e-01
3.529268e-01 -5.660119e-01 9.432980e-01
-4.528295e-02 3.876427e-01 9.497310e-01
2.653669e-01 -6.604065e-01 9.380528e-01
2.267540e-01 1.653275e-01 -8.822830e-01
1.547489e-01 -7.027772e-01 7.759425e-01
1.547489e-01 -7.007910e-01 6.717707e-01
4.365291e-01 -1.795633e-01 9.795449e-01
